 71   29    174    512  26624   3536      0    601
  65   35    198    512  52224   5311     32    995
  80   20    414    512  65536   7731      0   3126
  71   29    198    512  40960   5642     36   1055
  75   25    172    512  11264   3584      0    602
  84   16    312    512  40960   3341      8   1010
  71   29    180    512  16384   4266     60    690
  71   29    212    512  36352   4419     20    895
  75   25    372    512  65536   7949      0   2888
  74   26    178    512  48128   5275      4    913
  72   28    150    512  15360   3379      0    495
  85   15    318    512  40960   3529      0   1096
  63   37    126    512  12288   3039      0    374
  71   29    210    512  44032   4807      4    982
  79   21    402    512  65536   7809      2   3064
  74   26    182    512  40960   5339      4    945
  66   34    182    512   8192   2605      0    463
  87   13    446    512  40960   3138      0   1367
  74   26    160    512  20480   3961     12    607
  71   29    202    512  45056   5150      4   1012

  78   22    406    512  65536   7816     18   3081
  75   25    182    512  47104   5660      4   1002
  69   31    156    512  16384   3078      8    461
  79   21    438    512  40960   4273    164   1664
  68   32    136    512  45056   3915      0    520
  69   31    198    512  52736   4845      6    931
  82   18    422    512  65536   7216      0   2974
  74   26    168    512  43008   5827      4    952
  68   32    158    512  40960   4096     20    612
  84   16    300    512  40960   3382      0    991
  65   35    144    512  18432   3377      4    471
  72   28    222    512  57344   4275      0    927
  79   21    388    512  65536   7584      0   2874
  73   27    178    512  40960   5079      4    879
  70   30    154    512  12288   3091     16    449
  83   17    338    512  40960   3274      0   1081
  69   31    148    512  27648   3625     28    496
  66   34    194    512  43008   5083      4    959
  75   25    414    512  65536   7618     28   3052
  74   26    202    512  40960   5343     56    998

  69   31    148    512   8192   2912      0    421
  86   14    348    512  40960   3122      0   1061
  66   34    136    512  12288   2816      0    374
  68   32    172    512  55808   5262      4    880
  77   23    396    512  65536   7845     28   3006
  80   20    222    512  65536   6388     46   1339
  74   26    158    512  18432   3421      0    528
  81   19    262    512  46080   3830      0    980
  69   31    146    512  19456   3520      0    502
  68   32    216    512  43520   4257      4    894
  79   21    412    512  65536   8042    240   2996
  71   29    170    512  40960   5240      4    866
  73   27    206    512  16384   2977      0    599
  86   14    452    512  41472   3008      4   1324
  78   22    202    512  34816   3097      0    611
  66   34    186    512  36352   5455      4    987
  81   19    694    512  65536   6499      0   4405
  77   23    210    512  52224   5671      4   1159
  72   28    198    512  57344   4897      4    943
  86   14    406    512  40960   3051      0   1210

  73   27    796    512  65536   3218    244   2258
  72   28   1564    512  65536   3582    460   5012
  71   29   1116    512  65536   7791    682   7810
  69   31    698    512  65536   4638    268   2894
  73   27    250    512  35840   5177    108   1156
  86   14   1372    512  52224   2733     68   3595
  70   30    230    512  25600   4719    102    958
  72   28    354    512  57344   6360    228   1971
  81   19    566    512  65536   8094    200   4274
  80   20    402    512  65536  10795   2674   1564
  73   27    236    512  49152   4829     80   1033
  83   17    430    512  43520   4136     84   1653
  65   35    132    512  22528   3234      0    417
  73   27    274    512  42496   5803    102   1451
  81   19    452    512  65536   7711     62   3342
  73   27    178    512  41472   4912      8    846
  73   27    168    512   8192   3340      0    548
  77   23    690    512  65536   5703    528   3315
  68   32    164    512  21504   3877     48    573
  67   33    170    512  44032   6156      4   1018

  80   20    392    512  65536   7875      0   3015
  73   27    172    512  40960   4923      4    823
  77   23    172    512  28672   3667      8    608
  85   15    380    512  40960   3969     72   1401
  68   32    284    512  43008   5163    188   1244
  70   30    212    512  48128   5173      8   1063
  82   18    442    512  65536   7388     12   3177
  71   29    246    512  40960   5611    116   1232
  74   26    202    512  16384   3472      4    681
  85   15    584    512  41472   3415    108   1840
  72   28    244    512  36864   5166    112   1119
  73   27    428    512  57344   6246    292   2319
  80   20    402    512  65536   7753      0   3044
  73   27    164    512  41472   4352      4    693
  75   25    168    512  12288   3139      0    515
  86   14    434    512  53248   3270     32   1354
  62   38    132    512  11264   3211      0    414
  79   21    236    512  37376   4603      4   1057
  78   22    358    512  65536   8020      0   2804
  69   31    156    512  40960   4962      8    748

  76   24    206    512  18432   3802     12    753
  87   13    366    512  43520   3334      0   1192
  71   29    168    512  11264   2767      8    446
  73   27    230    512  34304   4358      4    975
  81   19    382    512  65536   7843      2   2924
  71   29    186    512  40960   4888     24    864
  75   25    208    512  24576   4096     32    800
  77   23    508    512  45056   5486    574   2148
  73   27    200    512  49152   5632     60   1040
  73   27    360    512  49152   6229    216   1974
  80   20    486    512  65536   7951    108   3666
  70   30    154    512  40960   4687      8    697
  72   28    188    512  34304   4150      0    762
  83   17    288    512  40960   3328      2    934
  58   42    120    512  29696   3515      0    412
  21   79    974    512 172032  13798     12  13113
  83   17    450    512  65536   7807    278   3153
  72   28    160    512  40960   5011      6    777
  80   20    214    512  38400   4287     16    880
  85   15    308    512  40960   3441      0   1035

  79   21    320    512  49152   4044    160   1104
  66   34    204    512  34816   4487     32    862
  81   19    422    512  65536   7680     20   3145
  76   24    196    512  36864   4080    210    571
  78   22    248    512  40960   3831      4    924
  89   11    538    512  40960   2984      8   1560
  63   37    138    512  40960   4437      0    598
  73   27    232    512  24064   4148      4    936
  78   22    370    512  65536   8081      0   2920
  72   28    150    512  45568   4177      4    608
  79   21    198    512  48640   4220      0    816
  84   16    310    512  40960   3336      0   1010
  74   26    218    512  39424   3320     28    679
  76   24    208    512  35328   4667      4    944
  82   18    388    512  65536   8028      0   3042
  67   33    146    512  34304   4460      4    632
  78   22    204    512  46080   4628      0    922
  86   14    342    512  40960   3104      0   1037
  71   29    170    512  24576   3596      2    595
  69   31    178    512  32768   4717      4    816

  79   21    382    512  65536   8114      0   3027
  61   39    134    512  37376   4753      4    618
  73   27    190    512  40960   4333      8    796
  84   16    312    512  40960   3200      0    975
  72   28    170    512  32768   4252      0    706
  67   33    184    512  35840   4546      4    813
  83   17    716    512  65536   6644    128   4518
  76   24    214    512  40448   5641     36   1143
  78   22    204    512  57344   4713      4    935
  85   15    396    512  46592   3635      0   1406
  65   35    432    512  65536   3754    196   1388
  67   33   1186    512  65536   4071    692   4024
  75   25   1502    512  65536   5672     44   8277
  66   34    988    512  65536   3746     92   3523
  79   21    200    512  55296   5514     16   1061
  82   18    882    512  40960   2642      0   2276
  69   31    156    512  30720   3019      0    460
  72   28    208    512  32256   4558      8    918
  80   20    394    512  65536   7869      0   3028
  67   33    144    512  34816   4337      4    606

  75   25    246    512  47104   3729      8    888
  85   15    438    512  40960   2784      8   1183
  64   36    138    512  28672   3702      0    499
  81   19    294    512  32256   3848      8   1097
  79   21    396    512  65536   7767      0   3004
  66   34    144    512  65536   5141     34    689
  71   29    184    512  40960   3745      0    673
  80   20    260    512  40960   3643      0    925
  65   35    136    512  36864   3553      0    472
  71   29    204    512  39936   4909      4    974
  79   21    380    512  65536   7833      8   2899
  65   35    140    512  42496   4827      4    656
  74   26    174    512  40960   3819      0    649
  83   17    296    512  49664   3739      0   1081
  65   35    130    512  39936   3899      0    495
  69   31    210    512  23040   4447      4    908
  79   21    464    512  65536   7651     68   3399
  69   31    296    512  45056   5939    206   1511
  73   27    266    512  57344   5404    130   1274
  84   16    581    512  48640   4120    190   2148

  70   30    198    512  65536   5745     64   1047
  77   23    250    512  35840   4866     16   1172
  80   20    430    512  65536   7894      2   3313
  76   24    194    512  25600   3631      4    684
  72   28    172    512  40960   3893     16    638
  86   14    378    512  40960   3329      0   1229
  70   30    288    512  43008   5482    200   1342
  73   27    266    512  31232   5516     72   1361
  82   18    458    512  65536   7443     22   3307
  71   29    174    512  65536   8433      8   1425
  77   23    380    512  56832   5718    224   1898
  88   12    476    512  57344   3420     60   1530
  73   27    320    512  47104   5849    232   1596
  77   23    254    512  36352   5035     22   1227
  83   17    448    512  65536   7184     12   3131
  71   29    246    512  38912   5415    128   1173
  74   26    446    512  40960   5397    300   2051
  86   14    602    512  51200   3573    108   1993
  72   28    186    512  48640   4861     20    863
  72   28    310    512  35840   5394    124   1509

  80   20    396    512  65536   7951      0   3075
  69   31    146    512  38400   4600      4    652
  71   29    170    512  40960   4089      4    675
  88   12    424    512  40960   3320     16   1359
  68   32    142    512  30720   4362      0    605
  79   21    252    512  22016   3730     22    896
  81   19    442    512  65536   7448      0   3215
  70   30    220    512  53760   5976    116   1168
  76   24    190    512  46592   4613     16    840
  85   15    366    512  40960   3318      0   1186
  81   19    498    512  24576   3289    434   1166
  86   14   2638    512  35840   2553   4834   1743
  82   18    492    512  65536   7430     80   3490
  75   25    194    512  36864   4296      8    806
  75   25    262    512  40960   4733    120   1091
  82   18    516    512  57344   4697    196   2171
  69   31    220    512  55296   5380     84   1072
  66   34    172    512  27648   4619      4    772
  81   19    420    512  65536   7855      2   3220
  67   33    140    512  28160   4395      4    597

  68   32    150    512  40960   3597      0    527
  82   18    324    512  40960   3369      0   1066
  62   38    116    512  30720   3380      0    383
  64   36    170    512  24064   4138      4    683
  78   22    396    512  65536   7716     30   2954
  70   30    152    512  55296   4985      4    736
  75   25    178    512  40960   3589      0    624
  83   17    320    512  55808   3740      0   1169
  68   32    144    512  24576   3925      0    552
  73   27    222    512  36864   4580      4    989
  79   21    390    512  65536   7829      0   2982
  64   36    134    512  36864   4967      4    646
  71   29    198    512  40960   3123      4    600
  86   14    510    512  40960   2953     54   1417
  72   28    176    512  48128   3845      0    661
  66   34    172    512  26624   4393      4    734
  83   17    788    512  65536   6108      2   4699
  69   31    168    512  35328   5296      4    865
  78   22    204    512  57344   4723      6    935
  87   13    430    512  50688   3645      0   1531

  71   29    776    512  65536   3551     44   2647
  72   28   1482    512  65536   3382    448   4448
  75   25    464    512  65536   8174      8   3696
  60   40   1224    512  65536   5791    168   6755
  78   22    164    512  43008   4264      0    683
  83   17   1058    512  40960   2485      0   2568
  70   30    146    512  47616   4201      4    595
  70   30    194    512  27648   4782      4    902
  79   21    550    512  65536  16376   5602   3194
  67   33    152    512  40960   5005      4    739
  73   27    154    512  24576   3457      0    520
  86   14    388    512  57344   3312     32   1223
  68   32    142    512  39424   4420      0    613
  79   21    264    512  27648   3832     74    914
  87   13    904    512  65536   6967   2288   3863
  78   22    426    512  65536   5956    318   2160
  81   19    220    512  25600   4770     28    997
  87   13    444    512  40960   3667      0   1590
  70   30    144    512  39424   4288      0    603
  73   27    230    512  27136   4559     20   1004

  80   20    418    512  65536   7831      0   3197
  67   33    146    512  45568   5330     12    748
  77   23    170    512  24576   3800      4    627
  83   17    328    512  40960   4086     16   1293
  68   32    140    512  31744   3474      0    475
  75   25    252    512  39424   4404     12   1072
  82   18    480    512  65536   7854    352   3330
  73   27    166    512  40960   4614      8    740
  72   28    218    512  47104   3518     20    729
  88   12    534    512  40960   2930      0   1528
  80   20    318    512  37888   3506     20   1069
  67   33    178    512  43008   5747      0    999
  82   18    424    512  65536   7680     26   3154
  77   23    170    512  40960   4854      6    800
  72   28    216    512  28672   4726     72    925
  88   12    586    512  40960   6783   2632   1250
  68   32    154    512   8192   2885      0    434
  70   30    238    512  41984   5860     76   1286
  77   23    368    512  65536   7977      2   2865
  70   30    184    512  45056   5977     56   1018

  72   28    182    512  24576   3949     24    678
  87   13    422    512  40960   3363     34   1352
  69   31    142    512  49152   3836      0    532
  74   26    220    512  29696   4729      4   1012
  82   18    428    512  65536   7926    328   2985
  70   30    150    512  65536   5550      4    809
  75   25    164    512  44544   4245      0    680
  87   13    376    512  40960   3543      0   1301
  73   27    158    512  21504   4044      0    624
  68   32    190    512  32768   4705      4    869
  79   21    406    512  65536   7876      0   3123
  68   32    150    512  40960   4990      4    727
  68   32    140    512  54784   3957      0    541
  84   16    290    512  40960   3432      2    970
  68   32    128    512  12288   3120     16    374
  75   25    266    512  52224   5420    300   1108
  84   16    462    512  65536   7515      0   3391
  74   26    166    512  45056   5157      4    832
  70   30    152    512  31232   3981     20    571
  86   14    366    512  40960   3553      0   1270

  70   30    162    512  24576   3116      0    493
  68   32    218    512  36352   5232      4   1110
  79   21    398    512  65536   7708      0   2996
  69   31    160    512  40960   4985      4    775
  75   25    214    512  28672   3555      8    735
  87   13    452    512  40960   3241     16   1415
  64   36    134    512  36864   3545      4    460
  67   33    200    512  49664   5283     20   1012
  82   18    416    512  65536   8024     16   3244
  68   32    158    512  65536   8146      4   1253
  70   30    142    512  38400   3958      0    549
  85   15    344    512  53248   3622     20   1197
  53   47    108    512   8192   2398      0    253
  66   34    190    512  32256   5384      4    995
  77   23   3366    512  65536   8591     60  28180
  92    8   1314    512  65536   4509      4   5783
  75   25   2792    512  65536   7789    304  20935
  83   17   2876    512  65536   4720    116  13142
  90   10    940    512  65536   4941      0   4536
  82   18   1607    512 1048576  10779     64  16853

  73   27   5390    512 122880   8795    654  45640
  95    5   1344    512  51200   2636     94   3366
  71   29    154    512  57344   4887      8    727
  90   10    810    512  52224   3118      0   2467
  68   32    146    512  28672   3745      0    534
  72   28    190    512  57344   5082      6    937
  87   13    933    512  65536   5869    192   5156
  75   25    276    512  40960   6188    132   1536
  70   30    239    512 262144  13076      4   3048
  89   11    638    512  49664   3226    226   1784
  58   42    466    512  65536   4135     40   1842
  70   30   1588    512  65536   3368    140   5084
  81   19    408    512  65536   8081      0   3220
  59   41   1024    512  65536   7033    300   6733
  71   29    210    512  65536   4383     36    863
  89   11   1340    512  40960   2500      0   3272
  72   28    166    512  21504   2911      0    472
  68   32    216    512  39936   4461      0    941
  81   19    392    512  65536   7821      4   2990
  71   29    366    512  48128   5900    264   1845

  72   28    472    512  65536   5315    340   2110
  88   12    522    512  45568   3242      4   1649
  61   39    136    512  20480   3388      0    450
  68   32    180    512  53248   5228      4    915
  77   23    402    512  65536   7955      0   3123
  75   25    182    512  40960   5266      4    932
  71   29    290    512  24064   4731    164   1176
  84   16    320    512  40960   3830      0   1197
  77   23    218    512  27648   3067      0    653
  60   40    156    512  46592   5028      4    762
  80   20    402    512  65536   8031      0   3153
  70   30    164    512  40960   5600      4    893
  66   34    128    512  37888   3400      0    425
  83   17    284    512  40960   3656      0   1014
  68   32    138    512  16384   2841      2    381
  66   34    190    512  35328   4866     24    879
  79   21    426    512  65536   7574     24   3127
  73   27    174    512  40960   4596     16    765
  80   20    192    512  37888   4106     72    698
  89   11    396    512  52224   3348      2   1293

  71   29    174    512  16384   3619      0    615
  70   30    210    512  57344   5090      4   1040
  82   18    404    512  65536   8083      0   3189
  72   28    168    512  40960   4760      4    777
  69   31    152    512  30720   3482      0    517
  85   15    348    512  40960   3328      0   1131
  68   32    132    512  14336   3040      8    384
  65   35    176    512  33280   5224      4    894
  78   22    388    512  65536   8186      4   3098
  71   29    176    512  40960   5230     34    865
  69   31    138    512  34816   3687      0    497
  82   18    270    512  40960   3648      0    962
  69   31    146    512   9216   3219      0    459
  66   34    196    512  37888   4937      8    937
  80   20    392    512  65536   7917      0   3031
  71   29    176    512  40960   4776      4    817
  73   27    190    512  32768   3158      8    578
  87   13    442    512  42496   3164     20   1346
  69   31    156    512  31744   3872      0    590
  74   26    232    512  57344   4669      4   1054

  78   22    376    512  65536   8227      0   3021
  72   28    166    512  40960   4922      4    794
  72   28    148    512  34816   4019      8    573
  84   16    304    512  46592   3381      0   1004
  71   29    146    512  16384   3401      0    485
  71   29    222    512  52736   4400      4    950
  82   18    454    512  65536   7431      0   3295
  73   27    172    512  42496   5614      4    939
  68   32    138    512  38400   3517     16    458
  82   18    330    512  57344   3469      0   1118
  80   20    262    512  19456   2692     28    661
  58   42    158    512  55808   5431      0    838
  80   20    384    512  65536   7714      0   2893
  77   23    202    512  40960   4917     22    948
  66   34    136    512  27648   3757      0    499
  83   17    312    512  40960   3459      0   1054
  75   25    164    512  20480   3727      2    595
  62   38    170    512  36352   4933      4    815
  81   19    380    512  65536   8218      0   3050
  70   30    162    512  40960   4291      4    675

  66   34    142    512  45568   3858      0    535
  82   18    296    512  40960   3525      0   1019
  69   31    150    512  16384   3167      0    464
  65   35    184    512  51712   4847      4    867
  78   22    366    512  65536   8074      0   2886
  71   29    192    512  65536   5765      4   1077
  63   37    138    512  27136   3420      0    461
  83   17    300    512  40960   3604      0   1056
  70   30    162    512  19456   3331      0    527
  67   33    204    512  36864   4808      4    954
  78   22    388    512  65536   7738      0   2932
  72   28    172    512  40960   5042      4    843
  74   26    226    512  31744   2949     40    611
  87   13    508    512  42496   3148      4   1558
  63   37    144    512  36864   3534      0    497
  71   29    210    512  57344   5149      4   1052
  85   15    720    512  65536   6435      2   4523
  75   25    184    512  40960   5047      4    903
  75   25    198    512  57344   5994      6   1153
  87   13    404    512  40960   3150      0   1243

  65   35    610    512  65536   3948     12   2340
  70   30   1572    512  65536   3412    184   5055
  81   19    398    512  65536   7836      0   3046
  60   40    996    512  65536   7108    340   6574
  73   27    440    512  65536   4186    228   1571
  85   15   1266    512  43008   2606      0   3223
  61   39    136    512  16384   2793      8    363
  66   34    194    512  49152   5172      4    976
  76   24    384    512  65536   7789     18   2903
  74   26    202    512  65536   6980     16   1361
  69   31    146    512  38400   3766      0    537
  84   16    322    512  55296   4175      0   1313
  61   39    126    512  20480   3120      0    384
  67   33    184    512  57344   5292      4    947
  76   24    364    512  65536   8335      0   2963
  75   25    184    512  40960   4324      4    773
  69   31    156    512  32768   4069      0    620
  83   17    304    512  40960   3230      0    959
  72   28    156    512  26624   3807      0    580
  72   28    192    512  48640   5210      4    973

  72   28    356    512  65536   8062      0   2803
  75   25    188    512  40960   5190      4    949
  69   31    152    512  40960   3698      8    541
  84   16    310    512  40960   3735      0   1131
  70   30    148    512  18432   3134     22    431
  69   31    228    512  57344   4491     24    976
  80   20    430    512  65536   7465      8   3127
  78   22    186    512  49152   4140      8    744
  71   29    196    512  36352   3672      8    695
  87   13    542    512  40960   2903     12   1525
  77   23    258    512  16384   2758     20    675
  62   38    168    512  32768   5095      0    836
  82   18    404    512  65536   8110      0   3200
  76   24    190    512  40960   4451      4    822
  66   34    150    512  20480   3754      0    550
  87   13    376    512  40960   3001      0   1102
  71   29    158    512   8192   2845      0    439
  60   40    162    512  57344   5834      4    919
  77   23    376    512  65536   8167    240   2759
  71   29    174    512  49152   4902      4    829

  67   33    178    512  39936   4107      8    706
  84   16    336    512  40960   3300      0   1083
  70   30    148    512  12288   2857      0    413
  65   35    170    512  37888   5035      4    832
  78   22    364    512  65536   7975      0   2835
  74   26    172    512  40960   4703      4    786
  76   24    220    512  34304   4719     56    958
  82   18    306    512  40960   3051      0    912
  71   29    160    512  36864   3539      0    553
  65   35    180    512  42496   5222      4    914
  77   23    412    512  65536   8172    336   2952
  69   31    156    512  40960   4115      4    623
  73   27    188    512  45056   4384      0    805
  83   17    294    512  40960   3657      2   1048
  72   28    159    512  16384   3761      6    578
  70   30    204    512  31232   4798     22    934
  82   18    438    512  65536   7343      4   3137
  77   23    170    512  40960   4824      8    793
  73   27    180    512  36864   4608     16    794
  81   19    282    512  40960   3253      0    896

  68   32    134    512  23552   3469      0    454
  80   20    412    512  57344   9074   2640   1011
  78   22    392    512  65536   7766      4   2969
  70   30    154    512  40960   3843      4    574
  75   25    236    512  44544   4000      8    914
  85   15    464    512  40960   3339     44   1469
  71   29    212    512  36864   5197     88    988
  66   34    202    512  57344   5175     16   1005
  85   15    650    512  65536   5964    136   3650
  72   28    162    512  40960   4310     12    670
  67   33    162    512  32256   3723      0    589
  83   17    282    512  40960   3344      0    921
  62   38    126    512  19456   3315      0    408
  71   29    208    512  47616   4514      4    913
  81   19    398    512  65536   8009     32   3081
  77   23    188    512  40960   4989      4    912
  78   22    222    512  54272   4372     16    932
  84   16    302    512  40960   3258      0    961
  69   31    136    512  25600   3568      0    474
  67   33    190    512  50688   4812      4    889

  77   23    380    512  65536   8011      0   2973
  72   28    168    512  40960   4211      4    687
  73   27    168    512  45056   4065      8    659
  84   16    306    512  40960   3189      0    953
  73   27    166    512  27648   4527      0    734
  67   33    178    512  39936   5073      4    878
  82   18    698    512  65536   6707    128   4444
  72   28    176    512  40960   5114      4    875
  71   29    182    512  57344   5210      4    922
  84   16    372    512  40960   3259      0   1184
  61   39    606    512  65536   7892    244   4427
  59   41   1728    512  65536   4511    596   7017
  81   19   1568    512  65536   3602      0   5516
  76   24    210    512  40960   4354     24    869
  72   28    176    512  54272   4107      0    706
  82   18    722    512  40960   2636      0   1859
  63   37    132    512  10240   2653      0    342
  70   30    242    512  48128   4019      0    950
  77   23    352    512  65536   8165      0   2807
  69   31    156    512  40960   4155      4    629

  70   30    204    512  39936   3066     12    599
  87   13    460    512  40960   2960      0   1330
  67   33    138    512  16384   3554      0    479
  80   20    316    512  44032   3771      4   1160
  75   25    436    512  65536   8478    346   3264
  72   28    180    512  61440   5438     12    944
  72   28    178    512  33280   3952      2    685
  82   18    280    512  40960   3485      0    953
  67   33    140    512  17408   3225      0    441
  76   24    230    512  57344   5013      4   1122
  80   20    392    512  65536   8118     24   3084
  70   30    162    512  29696   4374      4    688
  70   30    168    512  51200   4412      0    724
  84   16    314    512  40960   3802      0   1166
  70   30    186    512  36864   3220    206    379
  65   35    196    512  34304   4811      8    913
  78   22    394    512  65536   8228      0   3166
  74   26    168    512  24576   4022      8    652
  67   33    156    512  47104   3472      0    529
  85   15    356    512  40960   3325      0   1156

  65   35    142    512  29696   3511      0    487
  71   29    220    512  35328   5045      0   1084
  81   19    386    512  65536   8170      0   3080
  70   30    148    512  24576   3798      4    545
  67   33    168    512  48640   3888      0    638
  87   13    380    512  40960   3139      0   1165
  68   32    176    512  24576   3979    310    374
  66   34    186    512  53248   5521      4    999
  75   25    372    512  65536   8136      0   2956
  72   28    158    512  36864   4510      4    692
  65   35    176    512  65536   6388     10   1088
  85   15    360    512  50176   3601      0   1266
  66   34    132    512   8192   3234      2    415
  72   28    266    512  51200   4273     16   1094
  82   18    424    512  65536   7771     20   3198
  79   21    204    512  24576   3679      4    729
  76   24    234    512  40960   3702      8    838
  87   13    490    512  40960   3262      0   1561
  71   29    160    512  20480   3385      0    529
  69   31    208    512  44032   4854      4    982

  77   23    372    512  65536   8384      0   3046
  72   28    166    512  24576   4324      4    697
  67   33    172    512  48640   4107      8    682
  83   17    308    512  40960   3288      0    989
  68   32    144    512  28672   3932      0    553
  71   29    228    512  37888   4482      4    994
  81   19    424    512  65536   7554      0   3128
  70   30    158    512  34816   4893      4    751
  76   24    210    512  34304   4139     32    817
  83   17    290    512  40960   3654      0   1035
  70   30    162    512  17408   3691      0    584
  72   28    234    512  51712   4896      2   1117
  79   21    402    512  65536   8064      4   3162
  75   25    200    512  24576   3164     34    584
  66   34    162    512  49664   3798      0    601
  84   16    352    512  40960   3141      0   1080
  68   32    146    512  15360   3450      0    492
  69   31    208    512  52736   4937      0   1003
  80   20    394    512  65536   8202      0   3156
  70   30    134    512  24576   3920      4    509

  67   33    158    512  35840   3869      0    597
  87   13    376    512  40960   2821     16   1020
  58   42    112    512  15360   2880      0    315
  69   31    200    512  38912   4746      4    923
  78   22    354    512  65536   8290      0   2866
  73   27    168    512  24576   4278      4    698
  71   29    186    512  45568   4200      0    763
  84   16    274    512  40960   3397      0    909
  69   31    142    512  11264   3468      0    481
  72   28    240    512  36864   4492     12   1041
  76   24    380    512  65536   7992      0   2966
  69   31    162    512  39936   3773      4    593
  71   29    218    512  40448   3950     12    829
  85   15    394    512  40960   2812      8   1074
  65   35    128    512  15360   3280      0    410
  67   33    190    512  30720   5287      0    981
  83   17    778    512  65536   6562     18   4968
  75   25    188    512  34816   4548      4    831
  73   27    203    512  65536   5089      8   1001
  86   14    382    512  40960   3163      0   1180

  65   35    720    512  65536   5064      4   3557
  68   32   2746    512  65536   4107    724  10292
  82   18    502    512  65536   7176      2   3516
  71   29    174    512  21504   3795      4    641
  80   20    296    512  53760   3622      0   1047
  82   18    812    512  40960   2353      0   1866
  72   28    154    512   8192   3165      8    468
  68   32    198    512  52224   5730      4   1104
  76   24    358    512  65536   8232      0   2878
  76   24    196    512  19968   3531     50    626
  69   31    170    512  49152   3614      0    600
  84   16    314    512  40960   3473      0   1065
  74   26    162    512  36864   4171      0    660
  73   27    230    512  26624   4665      0   1048
  77   23    522    512  65536  17539   5584   3357
  73   27    180    512  18944   3453      4    603
  83   17    304    512  35328   5722    980    719
  87   13    370    512  40960   3226     48   1118
  70   30    170    512  23552   4174     48    645
  66   34    194    512  35328   5399      4   1019

  80   20    402    512  65536   8123     16   3173
  73   27    176    512  28672   4107      8    698
  72   28    188    512  38912   4341      8    789
  81   19    244    512  40960   3382      0    806
  70   30    140    512  20480   4022      0    550
  77   23    300    512  46592   4331     22   1247
  80   20    406    512  65536   7854      0   3114
  70   30    164    512  20480   3752      8    593
  70   30    210    512  54272   3749      4    765
  86   14    514    512  40960   2781      0   1396
  71   29    192    512  40960   3845     20    701
  63   37    180    512  47616   5620     12    976
  82   18    518    512  65536   6798     18   3421
  73   27    174    512  16384   3442      4    581
  69   31    170    512  36864   4132      0    686
  87   13    354    512  40960   3083      0   1066
  80   20    210    512   8192   2535      0    520
  66   34    182    512  27648   5069      4    897
  79   21    364    512  65536   8341      0   2965
  75   25    190    512  35840   4715    234    641

  72   28    182    512  54272   4129      4    730
  80   20    272    512  40960   3407      0    905
  66   34    130    512  11264   3552      0    451
  65   35    176    512  30208   5469      4    936
  81   19    428    512  65536   7601      0   3177
  75   25    190    512  65536   4893      4    904
  70   30    166    512  32256   3608      0    585
  84   16    288    512  40960   3520      0    990
  73   27    150    512  32768   4546      0    666
  73   27    206    512  27136   4876     24    957
  76   24    398    512  65536   8045     18   3109
  73   27    154    512  32768   3929      4    587
  67   33    158    512  53760   3707      0    572
  79   21    258    512  40960   3552      0    895
  63   37    130    512  11264   3229      0    410
  69   31    192    512  40448   5056     40    908
  83   17    526    512  65536   6786     16   3470
  72   28    176    512  38912   4462      4    763
  74   26    176    512  53248   4544     16    765
  84   16    296    512  43520   3507      0   1014

  70   30    142    512  13312   2971     16    396
  67   33    194    512  37376   5061      0    959
  81   19    484    512  65536   8065    316   3496
  74   26    166    512  23552   3503      8    560
  69   31    196    512  42496   3625      4    690
  86   14    446    512  40960   3193      8   1383
  72   28    150    512  24576   4014      8    580
  64   36    176    512  29184   5341      4    914
  83   17    448    512  65536   7280      0   3185
  71   29    170    512  27136   3891      4    642
  73   27    184    512  65536   6761      0   1215
  85   15    316    512  61440   4180      0   1290
  63   37    120    512  17408   3089      0    362
  70   30    210    512  30208   4412      4    901
  77   23    420    512  65536   8309    336   3072
  74   26    172    512  36864   4417      4    738
  77   23    184    512  53248   4190      0    753
  82   18    278    512  40960   3764     16   1006
  64   36    128    512  25600   3392      0    424
  68   32    202    512  28672   4577     20    883

  81   19    408    512  65536   8159     10   3241
  73   27   1104    512  65536   7675    196   8079
  78   22   2550    512  65536   7678    220  18902
  89   11   1994    512  65536   4948   2632   7005
  78   22   3851    512  65536   7496    554  27639
  88   12    734    512  65536   5595     28   3983
  89   11   1590    512  65536   5966    132   9132
  77   23   2971    512 180224   7853    420  22367
  70   30   3846    512 262144   8650    432  32057
  89   11   2728    512  46592   2614    112   6854
  57   43    371    512 106496   5042     14   1813
  54   46   1636    512  65536   6123    340   9443
  78   22    604    512  65536   7583     28   4445
  71   29    158    512  38912   4951      4    760
  81   19   1288    512  35328   2306      0   2901
  84   16    856    512  40960   2720      0   2274
  64   36    142    512  13312   2999      0    416
  77   23    254    512  44032   4571      8   1126
  82   18    422    512  65536   7796     26   3187
  72   28    138    512  19456   4340      6    579

  73   27    238    512  32768   3360     12    769
  86   14    486    512  40960   3175      0   1507
  67   33    136    512  19456   3727      0    495
  75   25    242    512  28672   4375      0   1034
  82   18    414    512  65536   8167      0   3302
  73   27    160    512  24576   4166      4    647
  71   29    198    512  36352   3506      0    678
  86   14    338    512  40960   3217      0   1062
  67   33    138    512   9728   3005      0    405
  68   32    192    512  43008   5104      4    953
  79   21    396    512  65536   8153      0   3153
  70   30    155    512  21504   4122     12    612
  67   33    164    512  24576   2728      0    437
  83   17    304    512  47104   4335      0   1287
  59   41    126    512  16384   3185      0    392
  72   28    250    512  38400   4866     72   1116
  80   20    450    512  65536   8003     16   3501
  76   24    164    512  30720   4376      8    693
  70   30    164    512  24576   3178      4    505
  87   13    428    512  42496   3349     20   1380

  63   37    138    512  24576   2879      0    388
  68   32    202    512  39936   4719      0    931
  79   21    426    512  65536   8179      8   3395
  72   28    168    512  26112   4358      4    711
  66   34    166    512  24576   3220      0    522
  84   16    282    512  40960   3925      0   1081
  70   30    134    512   9216   3255      8    418
  70   30    180    512  53760   5046      4    883
  80   20    410    512  65536   7994      0   3201
  73   27    164    512  39424   4995      4    796
  71   29    160    512  24576   3046      0    476
  79   21    252    512  40960   3811      0    938
  66   34    146    512  20480   3261      0    465
  72   28    228    512  47104   3584      8    790
  80   20    448    512  65536   8294    344   3285
  69   31    162    512  18944   3836      4    603
  68   32    202    512  24576   3056      0    603
  84   16    488    512  46080   3437    222   1416
  69   31    162    512  19456   4070      0    644
  57   43    160    512  44032   4563      4    709

  80   20    458    512  65536   7686      0   3438
  71   29    156    512  36864   4457      4    675
  73   27    188    512  24576   3622      8    657
  85   15    352    512  40960   3424      2   1175
  61   39    132    512   8192   2800      0    361
  68   32    204    512  35328   4442      4    881
  81   19    438    512  65536   7570      0   3238
  65   35    146    512  37888   5028      4    713
  75   25    194    512  40960   3879     20    715
  78   22    250    512  36864   3756      0    917
  63   37    152    512  16384   2876     22    405
  64   36    166    512  48128   4873      0    790
  79   21    458    512  65536   7328      0   3278
  69   31    154    512  41984   4189      4    626
  75   25    184    512  40960   3823      0    687
  82   18    292    512  39424   3194      0    911
  81   19    208    512   8192   2993      0    608
  67   33    180    512  40960   5131      4    898
  80   20    402    512  65536   8426      0   3308
  76   24    174    512  33792   4531      4    766

  73   27    182    512  40960   3960      0    704
  82   18    242    512  36352   3702      0    875
  67   33    144    512   8192   3249      0    457
  56   44    158    512  44032   4718      4    724
  76   24    388    512  65536   8049      0   3050
  73   27    180    512  65536   5740      4   1005
  72   28    198    512  40960   4421      0    855
  81   19    254    512  55808   3265      0    810
  71   29    158    512  20480   3441      0    531
  63   37    200    512  29696   3886     20    739
  79   21    404    512  65536   8148      0   3215
  71   29    156    512  34816   4758      4    721
  76   24    222    512  40960   3510      4    757
  86   14    426    512  29696   3009      0   1252
  76   24    188    512  21504   3175      0    583
  70   30    190    512  52736   5594      8   1030
  83   17    724    512  65536   6575     30   4619
  76   24    184    512  41472   5398      4    966
  77   23    222    512 172032   6319      6   1364
  86   14    362    512  38400   3154      0   1115

  67   33    658    512  65536   3745     48   2359
  60   40   1786    512  65536   5204    216   8862
  75   25    812    512  65536   6418    332   4758
  77   23    190    512  35328   4990      4    922
  81   19    484    512  40960   3078     18   1437
  86   14   1126    512  30208   2360      0   2596
  69   31    156    512  12288   2940      8    440
  63   37    166    512  44032   4410      4    711
  78   22    372    512  65536   8326      0   3025
  71   29    166    512  35328   4854      4    783
  74   26    202    512  65536   5849      0   1154
  84   16    296    512  65536   3891      0   1125
  67   33    146    512  38912   3913      0    558
  70   30    210    512  29184   4096      4    836
  81   19    410    512  65536   7999      0   3203
  74   26    170    512  33280   4035      4    666
  73   27    190    512  44544   3966      0    736
  85   15    326    512  30720   3090      8    976
  69   31    154    512  20480   3271      0    492
  61   39    170    512  40960   5138      4    849

  72   28    370    512  65536   8465      0   3059
  71   29    174    512  32256   5231      0    889
  73   27    186    512  40960   3809      8    684
  81   19    274    512  32768   3554      0    951
  65   35    138    512   8192   2537      0    342
  71   29    214    512  35328   4488     40    898
  87   13    610    512  65536   6117     58   3586
  72   28    164    512  50688   4770      8    756
  72   28    196    512  40960   3369      4    641
  88   12    492    512  32256   2782      8   1329
  71   29    194    512  36864   3172     20    581
  78   22    246    512  46080   4033      0    969
  80   20    394    512  65536   8277      0   3185
  78   22    222    512  32768   4474     36    934
  72   28    180    512  40960   3601      0    633
  87   13    374    512  32256   3124      0   1141
  72   28    180    512  11264   3242      0    570
  70   30    206    512  36864   4105      4    822
  76   24    380    512  65536   8267      0   3068
  74   26    170    512  36864   4987     12    816

  72   28    192    512  40960   3653      4    681
  81   19    266    512  36352   3630      0    943
  63   37    130    512  11264   2678      0    340
  68   32    188    512  44032   4526      4    827
  74   26    358    512  65536   8581      0   3000
  70   30    168    512  33792   3596      4    586
  74   26    188    512  40960   4139      0    760
  85   15    314    512  40448   3173      0    973
  71   29    166    512  32768   3442      0    558
  68   32    186    512  33792   5059      4    915
  79   21    400    512  65536   7989      0   3121
  75   25    164    512  43008   4789      4    763
  74   26    174    512  40960   3772      0    641
  78   22    232    512  34304   3645      0    826
  64   36    136    512  13312   2898      0    385
  73   27    204    512  44032   4331      8    855
  81   19    450    512  65536   7495     18   3276
  78   22    184    512  39936   4830     16    852
  78   22    198    512  40960   3666     16    693
  86   14    284    512  57344   3609      0   1001

  70   30    162    512  27648   3457      0    547
  69   31    210    512  33792   4603      4    940
  81   19    400    512  65536   7925      0   3096
  71   29    166    512  19968   3873      4    624
  72   28    214    512  49152   4005      8    829
  86   14    418    512  28672   3125      0   1276
  74   26    160    512  24576   3686      8    568
  69   31    196    512  35840   4801      4    915
  78   22    372    512  65536   8442      0   3067
  71   29    166    512  16384   3584      4    577
  71   29    170    512  50176   4102      0    681
  84   16    312    512  31744   3357      0   1023
  61   39    126    512  12288   2795      0    344
  65   35    174    512  41984   4778      4    808
  79   21    414    512  65536   7568     16   3044
  78   22    220    512  32768   3723     56    744
  76   24    188    512  42496   4918      0    903
  81   19    250    512  24576   3158      0    771
  81   19    306    512  18432   2647     28    763
  59   41    148    512  31232   4725      4    679

  79   21    384    512  65536   8226     38   3047
  67   33    148    512  39424   4096      4    588
  77   23    188    512  40960   3801      8    690
  82   18    248    512  57344   3571      0    865
  69   31    146    512  20480   3717      0    530
  73   27    202    512  27648   4319      4    848
  84   16    772    512  65536   6633    274   4727
  70   30    174    512  43008   4737      4    801
  74   26    206    512  57344   5443      4   1091
  86   14    362    512  38400   3032      0   1072
  72   28    730    512  65536   3562    264   2276
  65   35   1852    512  65536   4886    124   8714
  69   31    936    512  65536   6238    188   5514
  72   28    454    512  42496   3232      4   1429
  73   27    170    512  40960   3951      0    656
  84   16    944    512  48640   2501      0   2306
  68   32    158    512  16384   3305      0    510
  72   28    230    512  35840   4323      8    963
  79   21    406    512  65536   8494    336   3032
  71   29    364    512  65536   4157     80   1398

  75   25    202    512  40960   3406      0    672
  83   17    612    512  28672   2670     12   1584
  82   18    252    512  27648   3096      0    762
  61   39    156    512  51712   4785      4    725
  79   21    392    512  65536   7951      4   3040
  73   27    184    512  57344   5331     26    932
  76   24    192    512  40960   3930      0    737
  81   19    260    512  37888   4222      0   1072
  79   21    320    512  36864   9868   2624    460
  67   33    190    512  33280   4656     12    852
  76   24    382    512  65536   8095      2   3018
  66   34    330    512  65536   4697     84   1430
  76   24    196    512  65536   5198      0    995
  83   17    464    512  28672   2928     16   1311
  69   31    146    512  23552   3156      0    450
  70   30    214    512  46080   4359     28    883
  83   17    408    512  65536   8081      2   3218
  70   30    160    512  19968   3814      8    588
  76   24    182    512  49152   4377      4    774
  86   14    342    512  28672   3227      0   1078

  72   28    162    512  34816   4039     16    623
  76   24    226    512  55808   5106     32   1095
  80   20    392    512  65536   7993      0   3060
  76   24    170    512  28160   3698      4    610
  71   29    174    512  40960   3701      0    629
  87   13    364    512  34304   3477      0   1236
  65   35    130    512  17408   3450      8    430
  63   37    168    512  49664   4565      4    745
  80   20    392    512  65536   8045      0   3080
  67   33    150    512  32768   4239      4    617
  73   27    196    512  65536   6807      0   1303
  83   17    256    512  39936   3968      0    992
  60   40    120    512   9216   3336      0    391
  71   29    222    512  37376   4340     12    929
  77   23    390    512  65536   7903      0   3010
  70   30    140    512  28672   3664      4    497
  79   21    248    512  40960   3637     12    869
  85   15    416    512  28160   3305      0   1343
  75   25    190    512  17408   2926      0    543
  70   30    196    512  35328   5135      4    979

  76   24    384    512  65536   8360      0   3135
  66   34    150    512  16384   3440      4    500
  71   29    178    512  47616   4492      8    773
  83   17    374    512  32256   3964    284   1164
  67   33    132    512  12288   3335     20    410
  76   24    238    512  43008   4504      4   1043
  82   18    422    512  65536   7524      0   3101
  67   33    146    512  29696   4432      4    628
  73   27    180    512  48640   4596     16    792
  81   19    276    512  49664   3891      0   1049
  71   29    160    512  17408   3302     16    500
  70   30    212    512  41984   4226      0    875
  78   22    390    512  65536   7929      0   3020
  67   33    144    512  24576   4010      4    560
  72   28    160    512  40960   3846      0    601
  88   12    360    512  28672   3234      0   1137
  70   30    150    512  25600   3365      0    493
  71   29    198    512  34816   5078      4    978
  79   21    416    512  65536   8201    288   3044
  70   30    150    512  18944   3870      8    559

  72   28    162    512  48128   4165      0    659
  83   17    260    512  31744   3717      0    944
  69   31    184    512  36864   3550    206    432
  71   29    210    512  53760   4549      4    929
  75   25    370    512  65536   8255     16   2967
  69   31    152    512  20480   3806      4    561
  72   28    174    512  40960   4078      0    693
  84   16    298    512  49152   3638      0   1059
  65   35    126    512  17408   3494      0    430
  78   22    230    512  41984   4234      4    947
  79   21    382    512  65536   8256      0   3080
  69   31    132    512  38912   3964      4    507
  74   26    216    512  48640   3493      8    729
  86   14    422    512  33792   3086      8   1264
  70   30    146    512  12288   3471      0    495
  76   24    246    512  56832   4558      4   1091
  82   18    728    512  65536   6796    128   4704
  75   25    166    512  53760   5508      4    889
  77   23    213    512  73728   5466      4   1133
  86   14    390    512  24576   3079      0   1173

  62   38    758    512  65536   5852    140   4192
  68   32   2940    512  65536   3681    480  10089
  82   18    434    512  65536   8128      0   3445
  77   23    184    512  49152   4491     14    793
  75   25    182    512  40960   4337      0    771
  83   17    744    512  32768   2803      0   2037
  71   29    154    512  49152   3411     26    487
  69   31    192    512  57344   4917      4    918
  79   21    372    512  65536   8101      0   2943
  69   31    146    512  19968   3717      4    526
  74   26    178    512  40960   3802      0    661
  86   14    318    512  32256   3332      0   1035
  67   33    128    512  12288   2912      0    364
  72   28    216    512  40960   5039      0   1063
  82   18    388    512  65536   7909      8   2989
  68   32    150    512  29184   4136      4    602
  77   23    284    512  40960   4849    100   1245
  82   18    546    512  35328   4776    382   2165
  74   26    162    512  52224   4557      0    721
  75   25    228    512  44544   5214     36   1125

  76   24    386    512  65536   8051      0   3035
  66   34    150    512  25600   4027     34    556
  75   25    190    512  40960   4608      8    847
  81   19    276    512  27136   3491      0    941
  73   27    160    512   9216   3872      0    605
  75   25    258    512  33792   4417     36   1077
  84   16    420    512  65536   7680     28   3122
  75   25    152    512  28672   4486      8    658
  77   23    240    512  40960   3827      4    893
  87   13    512    512  24576   2682      4   1337
  82   18    338    512  24576   3111     50    977
  69   31    192    512  36864   5584      0   1047
  81   19    392    512  65536   8035      0   3076
  70   30    144    512  19968   3797      4    530
  77   23    182    512  40960   3786      0    673
  85   15    360    512  28672   3163      0   1112
  66   34    150    512  15360   3795      0    556
  69   31    194    512  35840   4571      4    862
  74   26    350    512  65536   8303      0   2838
  70   30    158    512  24576   4141      8    631

  72   28    198    512  45056   4282     12    816
  83   17    338    512  43520   3123      0   1031
  79   21    196    512  13312   3197      0    612
  61   39    154    512  37376   4740      4    709
  74   26    372    512  65536   8544      0   3104
  68   32    162    512  65536   4924      4    775
  73   27    198    512  57344   4204      0    813
  79   21    252    512  28672   3819     16    924
  71   29    152    512  23552   3590      0    533
  70   30    210    512  42496   4778      4    976
  78   22    398    512  65536   8089      2   3142
  72   28    158    512  28672   4096      4    628
  69   31    176    512  40960   4049      0    696
  83   17    300    512  30208   3372      0    988
  66   34    142    512  14336   3273      0    454
  73   27    222    512  34816   4400     38    916
  81   19    458    512  65536   7610      0   3404
  75   25    180    512  26624   4164      4    728
  74   26    190    512  40960   4678     16    852
  82   18    280    512  40960   3584      0    980

  69   31    146    512  20480   3640      0    519
  69   31    214    512  26624   4215     12    869
  77   23    418    512  65536   7777      0   3175
  66   34    150    512  24576   4177      4    608
  74   26    210    512  47104   3808      0    781
  80   20    504    512  41984   2976    132   1333
  72   28    166    512  24576   4355      8    698
  68   32    176    512  44032   4660      4    797
  77   23    374    512  65536   8167      0   2983
  70   30    150    512  28672   4089      4    595
  71   29    198    512  65536   6097      0   1179
  84   16    304    512  56320   3944      0   1171
  61   39    122    512  20480   3441      0    410
  73   27    198    512  29184   4556      4    877
  78   22    384    512  65536   8456     32   3139
  70   30    148    512  38912   4850      4    697
  73   27    176    512  40960   3688      0    634
  82   18    290    512  37376   2962      0    839
  72   28    158    512  22528   3797      0    586
  68   32    180    512  27648   4539      4    794

  77   23    398    512  65536   8101     20   3129
  70   30    158    512  34816   5061      4    777
  72   28    172    512  40960   3714      8    616
  84   16    302    512  50688   3529     12   1029
  69   31    134    512  21504   3400      8    437
  81   19    276    512  34304   4533     24   1198
  82   18    751    512  81920   6618      2   4852
  71   29    190    512  37888   5233      4    967
  70   30    210    512  57344   4651      4    950
  75   25   2574    512  65536   8094    242  20104
  86   14   2240    512  65536   4864     48  10594
  73   27   3516    512  65536   4626    638  15249
  76   24   4030    512  65536   7970    660  30710
  89   11   1426    512  65536   3904      4   5434
  92    8   1064    512  57344   4826      0   5015
  79   21   5744    512  65536   6346    508  35093
  80   20   3319    512 106496   6885    600  21718
  70   30    234    512  46592   5019     24   1123
  82   18    454    512  65536   8417      0   3732
  77   23    184    512  50176   5125      4    917

  73   27    224    512  40960   3369     32    705
  87   13   1066    512  53248   2621      4   2725
  63   37    136    512  28672   3260      0    433
  76   24    248    512  44544   4513      4   1089
  78   22    402    512  65536   8166      0   3206
  71   29    152    512  24576   3772      4    556
  70   30    182    512  40960   4101      0    729
  86   14    376    512  44544   3415      0   1254
  70   30    144    512  26624   3242      0    456
  66   34    168    512  39936   4992      4    815
  79   21    398    512  65536   8171      0   3176
  71   29    146    512  24576   4180      4    592
  74   26    178    512  40960   4383      0    762
  83   17    276    512  34304   3910      0   1054
  55   45    109    512  19456   2677      0    285
  72   28    228    512  57344   4980    268    841
  78   22    394    512  65536   8241     16   3155
  72   28    160    512  27136   4012      8    619
  72   28    196    512  40960   4048      4    771
  87   13    380    512  30208   3306      0   1227

  63   37    138    512  25600   3235      0    436
  66   34    200    512  35840   4736      0    925
  78   22    438    512  65536   8376    336   3247
  72   28    174    512  24576   3925      4    663
  68   32    164    512  40960   3771      0    604
  84   16    314    512  35328   3714     16   1123
  63   37    126    512  14336   3267      8    394
  66   34    178    512  52736   4964      4    859
  76   24    374    512  65536   8301      4   3028
  71   29    150    512  32768   4068     20    576
  73   27    196    512  40960   4268      0    817
  84   16    282    512  37888   3467      6    949
  67   33    138    512  20480   3621      2    486
  69   31    210    512  30208   4144      8    842
  79   21    586    512  65536  10133   2632   3167
  71   29    152    512  22528   4217      4    622
  76   24    224    512  40960   3186      0    697
  86   14    476    512  35840   3080      8   1424
  77   23    208    512  16384   3022      0    614
  68   32    178    512  46080   5200      4    900

  81   19    392    512  65536   8474      2   3242
  75   25    156    512  32768   4292      4    650
  73   27    188    512  40960   4297      8    781
  85   15    282    512  33280   3645     10    994
  67   33    140    512  22528   3393      0    464
  69   31    182    512  33792   4849      6    856
  83   17    470    512  65536   7335      0   3367
  70   30    156    512  23552   3899      4    590
  71   29    180    512  45056   4721     24    806
  83   17    318    512  33280   3442      0   1069
  81   19    296    512  12288   2487     20    699
  66   34    190    512  53248   5782    262    811
  76   24    390    512  65536   7853      0   2991
  70   30    164    512  28160   4676      4    745
  72   28    178    512  40960   3802      0    661
  84   16    308    512  41472   3504      0   1054
  69   31    146    512  12288   3029      0    432
  66   34    184    512  40960   4685      4    838
  81   19    422    512  65536   7857      0   3238
  67   33    138    512  18944   3658     20    473

  67   33    182    512  40960   4191      0    745
  86   14    348    512  41984   3366      0   1144
  65   35    132    512  12288   3002      0    387
  64   36    168    512  27648   4315      4    704
  79   21    396    512  65536   8241      0   3187
  70   30    158    512  40960   4880      4    749
  76   24    222    512  40960   4681      0   1015
  82   18    286    512  42496   3555      0    993
  64   36    134    512  37888   3415      0    447
  69   31    208    512  46080   4110      4    831
  79   21    410    512  65536   8044     20   3201
  71   29    142    512  16384   3648      4    502
  75   25    222    512  45056   4123     12    882
  84   16    416    512  33792   3081      4   1248
  56   44    116    512  16384   2674      8    295
  73   27    220    512  38912   4952      4   1060
  12   88  27461    512 262144  16183    176 433817
  72   28    186    512  31744   5257      4    951
  69   31    220    512 262144  13935      4   2990
  85   15    384    512  43008   3554      0   1333

  63   37    552    512  65536   3942    228   1897
  62   38   1626    512  65536   5143    178   7989
  68   32    998    512  65536   6475    386   5925
  69   31    160    512  41472   4812      4    748
  78   22    522    512  40960   2838      0   1447
  85   15   1134    512  50176   2456      0   2720
  60   40    130    512  16384   3158      8    393
  67   33    176    512  32768   4497      4    769
  77   23    452    512  65536   7523    222   3099
  68   32    140    512  30208   3847      4    522
  72   28    200    512  65536   7229      0   1412
  83   17    318    512  52224   3506      0   1089
  68   32    144    512  10240   3128      0    440
  70   30    174    512  36864   4902      0    833
  79   21    394    512  65536   8090      0   3113
  72   28    172    512  37376   4441      4    742
  73   27    182    512  40960   4540      0    807
  85   15    288    512  27648   3402      0    957
  71   29    160    512  14336   3507      0    548
  65   35    170    512  26624   4728      4    781

  80   20    366    512  65536   8250      0   2949
  72   28    160    512  37376   4672      4    726
  71   29    188    512  40960   4074      8    740
  81   19    262    512  46592   4056      0   1038
  67   33    136    512  32768   3674      2    486
  63   37    198    512  27136   4152     40    763
  82   18    436    512  65536   7600     20   3216
  68   32    162    512  29696   4127      8    645
  75   25    228    512  40960   4190      4    929
  87   13    502    512  34304   2661      4   1301
  75   25    226    512  13824   2945     16    634
  66   34    172    512  51200   5584      0    938
  77   23    382    512  65536   7910      0   2951
  71   29    170    512  37888   4577      4    756
  78   22    214    512  44544   3914     48    770
  86   14    370    512  25600   3135      0   1133
  73   27    156    512  19968   3131      0    477
  76   24    232    512  54784   4272      4    964
  78   22    376    512  65536   8205      0   3013
  68   32    158    512  28160   3992      4    612

  69   31    188    512  40960   4128      4    754
  82   18    298    512  38912   3886      0   1131
  69   31    148    512  23040   3743      0    541
  70   30    196    512  34304   4320      4    823
  75   25    346    512  65536   8357      0   2824
  74   26    180    512  45568   4516      8    786
  73   27    186    512  40960   4173      0    758
  84   16    324    512  24576   3072      0    972
  72   28    158    512  41984   3499      0    540
  67   33    170    512  35840   5306      4    877
  80   20    370    512  65536   8122      0   2935
  72   28    178    512  32256   4366    110    649
  71   29    174    512  41984   4578      0    778
  80   20    254    512  24576   3313      0    822
  65   35    138    512  19968   3695      0    498
  65   35    196    512  29184   4921     34    908
  85   15    538    512  65536   6724     32   3501
  74   26    168    512  49152   5113      8    831
  74   26    208    512  40960   4519     16    902
  85   15    318    512  39424   3394      0   1054

  70   30    154    512  19456   3311      0    498
  65   35    196    512  39424   4529      4    863
  80   20    384    512  65536   7970      0   2989
  75   25    178    512  30208   4280      4    740
  76   24    212    512  40960   3666      0    759
  86   14    446    512  24576   3136      4   1362
  70   30    158    512  36864   4050      8    617
  70   30    196    512  57344   4884      4    931
  74   26    362    512  65536   7920      0   2800
  74   26    170    512  49152   4836      4    799
  72   28    170    512  40960   4186      0    695
  85   15    299    512  26624   3566      0   1041
  67   33    153    512  12288   3309      0    494
  71   29    190    512  46080   4661      0    865
  77   23    362    512  65536   8367      0   2958
  75   25    176    512  46592   4596      6    784
  75   25    174    512  45056   4560      0    775
  85   15    308    512  24576   3577      0   1076
  63   37    136    512  20480   3636      0    483
  68   32    188    512  36352   4575      4    836

  75   25    346    512  65536   8425      0   2847
  68   32    158    512  28672   4031      4    618
  73   27    174    512  40960   4090      8    687
  84   16    294    512  25088   3441      0    988
  60   40    128    512  32768   3352      0    419
  67   33    180    512  48128   4989      4    873
  82   18    687    512  73728   6643      2   4455
  75   25    192    512  55296   5584      4   1043
  79   21    198    512  57344   5528      6   1063
  85   15    372    512  41472   3110      0   1130
  64   36    346    512  65536   4309     48   1408
  53   47   1010    512  65536   5818    124   5615
  68   32   1696    512  65536   5304    132   8653
  73   27    398    512  38912   3311      4   1283
  74   26    186    512  40960   4707      0    855
  86   14   1190    512  26112   2462      0   2862
  71   29    176    512  23552   3008     38    479
  72   28    218    512  32256   4307     16    901
  79   21    392    512  65536   7990      0   3059
  69   31    222    512  24576   3994     38    828

  75   25    224    512  51200   4260      8    924
  88   12    524    512  27136   2776      8   1413
  73   27    190    512  19968   2829      0    525
  73   27    226    512  35328   4254      0    939
  79   21    386    512  65536   8130     20   3045
  74   26    162    512  65536   5227      4    823
  80   20    204    512  40960   4613     16    903
  83   17    300    512  31232   3102      0    909
  70   30    150    512  20480   4177     12    600
  76   24    224    512  45056   4626      4   1008
  79   21    370    512  65536   8222      0   2971
  65   35    206    512  57344   5269      4   1056
  75   25    186    512  55808   4558      0    828
  86   14    476    512  47104   3181     42   1437
  74   26    194    512  32768   4924      0    933
  69   31    214    512  46080   4651     16    956
  81   19    450    512  65536   8032      0   3530
  76   24    188    512  49152   4450      8    809
  76   24    188    512  57344   4482      4    819
  86   14    382    512  41984   2988     16   1099

  70   30    172    512  27648   4000      0    672
  67   33    184    512  51200   4908      0    882
  78   22    378    512  65536   7923      0   2925
  74   26    174    512  35328   4148      4    701
  72   28    166    512  40960   4342      0    704
  85   15    340    512  24576   3038      0   1009
  73   27    152    512  36864   3826     28    540
  61   39    166    512  34304   4706      4    759
  77   23    374    512  65536   8129      0   2969
  71   29    158    512  27136   3959      4    607
  74   26    194    512  65536   6819      0   1292
  82   18    280    512  57344   4443      0   1215
  74   26    170    512  19968   3951      0    656
  69   31    200    512  45056   4305      4    837
  78   22    380    512  65536   7868      0   2920
  72   28    156    512  29184   3734      4    565
  76   24    220    512  40960   3607      0    775
  86   14    444    512  48640   3328     12   1431
  72   28    188    512  13824   3229      0    593
  68   32    196    512  50688   4769      4    909

  82   18    416    512  65536   8364    240   3158
  64   36    148    512  36352   4137      4    594
  73   27    176    512  47104   4305      8    732
  81   19    274    512  43008   3445      2    920
  69   31    154    512  20480   3896      0    586
  71   29    190    512  51200   4440      6    818
  81   19    440    512  65536   7284      0   3130
  66   34    150    512  36352   3891      4    566
  75   25    186    512  40960   4899     16    874
  85   15    344    512  39936   3857      0   1296
  70   30    192    512  21504   3434      0    644
  70   30    226    512  38400   4159      0    918
  75   25    398    512  65536   8248    340   2866
  70   30    154    512  27648   4089      4    611
  75   25    180    512  42496   4260      0    749
  82   18    272    512  25600   3580      0    951
  66   34    144    512  19968   3776      0    531
  69   31    210    512  49664   4939     28    985
  75   25    384    512  65536   7629      6   2855
  63   37    142    512  28160   3850      4    530

  80   20    370    512  46592   9445   2632    781
  85   15    300    512  36864   3467      0   1016
  62   38    130    512  19968   3253      0    413
  68   32    190    512  36864   4688     30    840
  77   23    360    512  65536   8172      0   2873
  65   35    152    512  31744   4284      4    632
  77   23    198    512  50176   4654      0    900
  81   19    272    512  28672   3373      0    896
  70   30    156    512  28672   4365      0    665
  72   28    232    512  42496   3729     12    833
  78   22    392    512  65536   7729      0   2959
  69   31    156    512  30720   4745      4    719
  78   22    218    512  40960   3814      4    808
  87   13    448    512  24576   2905     12   1259
  65   35    146    512  19456   3738      0    533
  76   24    234    512  45056   4494      4   1023
  84   16    722    512  65536   6638    128   4553
  73   27    188    512  37888   5381      4    984
  78   22    198    512  57344   4390      4    845
  86   14    394    512  57344   3659      0   1408

  68   32    676    512  65536   4585      8   3019
  67   33   2746    512  65536   4267    140  11303
  80   20    420    512  65536   7921      0   3249
  72   28    188    512  29184   3959      4    723
  78   22    200    512  49664   4147      0    810
  85   15    846    512  25088   2676      0   2211
  69   31    158    512  32256   3862      4    592
  68   32    176    512  41984   5195      4    889
  80   20    390    512  65536   7897      0   3008
  70   30    156    512  34304   4673      4    708
  76   24    184    512  40960   4018      0    722
  86   14    314    512  24576   3235      0    992
  69   31    142    512  36352   4211      0    584
  73   27    244    512  29696   5031     72   1127
  78   22    404    512  65536   8166      0   3222
  73   27    160    512  37888   4307     28    645
  70   30    162    512  40960   4209      0    666
  84   16    286    512  24576   3376      0    943
  63   37    130    512  23552   3899      0    495
  74   26    210    512  41984   5012      4   1024

  78   22    368    512  65536   8102      0   2912
  68   32    156    512  32768   4601      4    697
  75   25    200    512  40960   4567     12    880
  84   16    290    512  24576   3365      0    953
  66   34    142    512  53760   4449      0    617
  71   29    246    512  41984   3946     34    914
  79   21    424    512  65536   8059    278   3059
  65   35    150    512  28672   4266      8    617
  80   20    226    512  40960   3701      6    811
  87   13    470    512  29184   2751      4   1259
  72   28    220    512  49152   4398     24    921
  79   21    318    512  41472   4228      0   1313
  79   21    374    512  65536   7893     16   2867
  77   23    284    512  40960   4950    328   1045
  75   25    198    512  49152   3739      0    723
  86   14    368    512  24576   3166      0   1138
  70   30    180    512  49152   4078      0    717
  72   28    234    512  44032   4004     28    887
  81   19    400    512  65536   7649     10   2978
  72   28    200    512  49152   5529    276    804

  76   24    296    512  40960   5265    152   1370
  84   16    388    512  24576   4618    674   1076
  69   31    176    512  24576   4578    304    483
  72   28    220    512  40448   4454      4    953
  77   23    364    512  65536   7888      6   2798
  74   26    172    512  65536   5465      4    914
  78   22    194    512  40960   3425      0    649
  88   12    350    512  43520   3586      0   1226
  77   23    182    512  31232   4180     16    727
  69   31    190    512  49664   5227      4    966
  76   24    368    512  65536   7735      0   2780
  70   30    160    512  40960   5094      4    792
  69   31    168    512  41472   4242      0    696
  85   15    272    512  24576   3343      0    888
  79   21    180    512  28160   4750      0    835
  74   26    216    512  37888   4314     38    872
  83   17    458    512  65536   7217     16   3212
  71   29    166    512  40960   4527      4    730
  78   22    202    512  40960   5398     16   1049
  82   18    292    512  24576   3022      0    862

  82   18    274    512  25600   4510    386    821
  77   23    252    512  36352   4770     20   1154
  81   19    432    512  65536   7440      0   3139
  71   29    178    512  40960   5056      4    875
  76   24    242    512  40960   4244      4    999
  87   13    440    512  24576   3169      8   1354
  71   29    158    512  41984   3972      8    605
  70   30    224    512  39936   4964      4   1082
  74   26    906    512  65536   5976    606   4682
  79   21    254    512  43520   4849      8   1195
  82   18    258    512  65536   6255      0   1576
  90   10    586    512  51200   2892     32   1623
  74   26    176    512  30720   4218      0    725
  71   29    206    512  28160   4612      4    924
  79   21    386    512  65536   7685     16   2881
  67   33    180    512  40960   4989     80    797
  79   21    200    512  40960   4597      0    898
  83   17    298    512  24576   2944     16    841
  73   27    172    512  26624   4691      0    788
  72   28    202    512  39936   4374      4    859

  83   17    370    512  65536   7948      0   2872
  65   35    142    512  40960   5134      4    708
  80   20    206    512  40960   4339      8    865
  82   18    264    512  24576   2920      0    753
  75   25    164    512  39424   3933     18    612
  71   29    194    512  38912   5668     20   1054
  83   17    747    512  65536   6281      6   4576
  70   30    184    512  40960   6054      4   1084
  71   29    187    512  65536   5218      4    949
  83   17    374    512  41984   2976      0   1087
  61   39    500    512  65536   4624     52   2206
  58   42    826    512  65536   5174     16   4158
  63   37   1570    512  65536   6035     32   9221
  68   32    526    512  56320   3157      4   1618
  75   25    186    512  40960   4371     16    778

  86   14    958    512  24576   2436      0   2279
  71   29    182    512  36864   4000      0    711

  78   22   3276    512  65536   7826    326  24712
  89   11   1234    512  65536   5920      0   7135
  90   10   1050    512  65536   5120      2   5248

  75   25   3522    512  65536   7989    460  27020
  89   11   2334    512  65536   3092      4   7045
  90   10   1107    512 180224   5403      0   5842

  79   21   6960    512  65536   7595    832  50795
  80   20    452    512  65536   8359      2   3688
  77   23    236    512 131072   7076     96   1535
  78   22    208    512  55808   5223      0   1061

  84   16   1098    512  41984   2554      0   2739
  65   35    144    512  26624   3484      0    490
  69   31    188    512  28160   4793      8    872
  79   21    422    512  65536   7527      0   3102
  73   27    164    512  40960   4127     16    645
  72   28    174    512  40960   4725      0    803
  86   14    324    512  39936   3476      0   1100
  65   35    140    512  38400   4022      0    550
  70   30    202    512  27648   4243     24    813
  78   22    410    512  65536   7752      0   3104
  71   29    176    512  65536   5876     12    998
  76   24    200    512  57344   4715     20    901
  85   15    326    512  34816   3229      0   1028

  68   32    150    512  20480   3665      0    537
  76   24    228    512  36864   5542     16   1218
  79   21    390    512  65536   7981      0   3040
  68   32    154    512  40960   4328      4    647
  75   25    176    512  40960   4130      0    710
  86   14    372    512  51200   3438      0   1249
  65   35    140    512  30720   4000      8    539
  71   29    196    512  31232   5072      6    965
  77   23    370    512  65536   7978     18   2865
  72   28    168    512  40960   4931      4    805
  74   26    170    512  40960   4138      0    687
  82   18    288    512  34816   3783     12   1052
  67   33    140    512  31744   3913     18    517
  72   28    200    512  28160   4433      4    862
  83   17    454    512  65536   7587      0   3364
  73   27    196    512  40960   4691      4    894
  74   26    206    512  40960   3509      8    698

  87   13    498    512  48640   3549      8   1718
  73   27    198    512  24576   3646      0    705
  71   29    198    512  28672   5533     16   1054

  78   22    394    512  65536   7633      0   2937
  73   27    188    512  40960   4520     20    810
  75   25    178    512  40960   3825      8    657
  84   16    302    512  55296   3584      0   1057
  64   36    136    512  26112   3463      0    460
  74   26    210    512  65536   5471      6   1116

  80   20    436    512  65536   7548     16   3198
  72   28    172    512  40960   5030      4    841
  68   32    160    512  40960   4384     36    649
  83   17    310    512  48128   3425      0   1037
  77   23    240    512  30720   2850      4    664
  58   42    164    512  35328   5169      0    828
  80   20    416    512  65536   7746     16   3131
  70   30    162    512  40960   4664      4    734
  67   33    152    512  40960   3536      0    525
  82   18    300    512  46592   3467      0   1016
  65   35    146    512  34816   3443     16    475
  66   34    202    512  27648   5231      4   1028
  79   21    400    512  65536   7610      0   2973
  65   35    158    512  40960   4491      4    689

  70   30    160    512  40960   3916      0    612
  80   20    286    512  54784   3390      0    947
  61   39    136    512  25600   3493      0    464
  67   33    192    512  57344   5552    244    797
  76   24    366    512  65536   7887      0   2819
  72   28    188    512  61440   5871      4   1074
  70   30    160    512  40960   3884      0    607
  80   20    266    512  47104   3634      0    944
  65   35    140    512  33280   4220      0    577
  72   28    222    512  27648   4501     12    964
  79   21    418    512  65536   7535      4   3072
  71   29    170    512  40960   4776      4    789
  70   30    192    512  40960   2810      4    523
  84   16    456    512  30720   3107      8   1376
  76   24    208    512  39424   2894      0    588
  65   35    180    512  27648   5006      4    876
  80   20    747    512  81920   6954    348   4725
  76   24    212    512  49152   6129      4   1265
  67   33    202    512 262144  14143      4   2786
  85   15    370    512  55296   3417      6   1229

  65   35    558    512  65536   4013    196   1991
  56   44    776    512  65536   4873     80   3613
  65   35   1222    512  65536   9186   2674   8289

  73   27   1282    512  65536   2979     40   3690
  73   27    170    512  40960   4222      0    701
  87   13    872    512  33280   2396      0   2041
  63   37    146    512  50688   3843      8    540
  63   37    166    512  29696   5021      4    810
  78   22    386    512  65536   7733      2   2913
  73   27    164    512  40960   5082      4    810
  70   30    170    512  65536   5740      0    953
  85   15    304    512  46080   3957      0   1175
  66   34    146    512  28160   4159      0    593
  69   31    194    512  29696   4370      4    824
  79   21    414    512  65536   7751      0   3134
  71   29    168    512  45056   4571      4    746
  66   34    150    512  40960   3611      0    529
  81   19    270    512  28672   3424      0    903
  60   40    134    512  36864   4386      0    574
  61   39    164    512  27648   4707      4    750

  81   19    392    512  65536   7841      0   3002
  72   28    182    512  50688   4585      4    811
  75   25    176    512  40960   4532      8    771
  84   16    316    512  54272   3639      0   1123
  65   35    148    512  44032   4082      0    590
  68   32    196    512  31744   4132     24    767
  82   18    442    512  65536   7316      8   3150
  71   29    178    512  40960   5183      8    893
  78   22    204    512  40960   3468      4    687
  86   14    504    512  32768   2608      0   1284
  62   38    162    512  32256   3817      8    596
  60   40    154    512  36352   5272      0    793
  85   15    496    512  65536   6918      0   3351
  76   24    172    512  45056   4977      4    832
  73   27    172    512  40960   3762      0    632
  86   14    368    512  33280   2804      0   1008
  65   35    148    512  41472   3715      0    537
  75   25    256    512  27648   4056     40    974
  80   20    368    512  65536   7930      0   2850
  72   28    172    512  40960   5268      0    885

  71   29    190    512  40960   3810      4    703
  83   17    296    512  47616   3130      0    905
  62   38    140    512  52736   4271      0    584
  59   41    156    512  28160   4496      4    681
  80   20    418    512  65536   7596      0   3101
  70   30    156    512  40960   5316      4    806
  75   25    174    512  40960   3825      0    650
  84   16    290    512  39424   2994      0    848
  74   26    162    512  41984   4228      0    669
  64   36    174    512  38912   4766      4    806
  83   17    416    512  65536   8265    286   3072
  75   25    210    512  40960   5675    308    856
  76   24    164    512  40960   3565      0    571
  85   15    320    512  37376   3225      2   1006
  66   34    128    512  44032   4440      0    555
  71   29    204    512  27648   4648      4    922
  81   19    448    512  65536   7440     16   3239
  75   25    170    512  27136   4734      4    782
  80   20    208    512  40960   4608     16    920
  83   17    344    512  40960   3423    206    944

  70   30    168    512  39936   3626      0    595
  64   36    180    512  30720   4801      8    836
  78   22    410    512  65536   7552      8   3016
  68   32    146    512  36864   4439      4    629
  77   23    224    512  40960   3584      0    784
  85   15    430    512  42496   2907      8   1213
  68   32    150    512  37888   4191     24    590
  63   37    190    512  36864   4931      0    915
  80   20    376    512  65536   7925      0   2910
  70   30    162    512  38912   5189      4    817
  75   25    172    512  40960   3548      0    596
  85   15    312    512  37888   3337      0   1017
  63   37    130    512  44032   3670      0    466
  67   33    180    512  27648   4124      4    721
  79   21    406    512  65536   7785     16   3071
  75   25    518    512  65536   9660    238   4649
  79   21    204    512  40960   4161      0    829
  87   13    378    512  34816   3006     16   1094
  74   26    176    512  37376   4224      2    724
  70   30    182    512  27136   5018      4    888

  79   21    356    512  65536   8347      0   2902
  73   27    186    512  42496   5131      4    928
  70   30    164    512  40960   3509      8    554
  82   18    300    512  43520   3068      0    899
  75   25    204    512  50176   3594      0    716
  77   23    242    512  39936   4481      4   1055
  86   14    702    512  65536   6742    136   4486
  76   24    212    512  42496   4844      4    999
  76   24    189    512  65536   5602      4   1030
  37   63   1560    512  65536  42266  63412    979
  64   36    528    512  65536   4361    126   2123
  68   32   1484    512  65536   3459     76   4938
  60   40    948    512  65536   8513     92   7790
  72   28    814    512  65536   3547    138   2682
  83   17    250    512  40960   4272     48    995
  84   16    914    512  54272   2596     18   2300
  72   28    176    512  40960   3746      0    644
  71   29    210    512  27648   4110     28    815
  75   25    372    512  65536   8002      4   2903
  70   30    184    512  38400   4107     34    704

  77   23    248    512  40960   3224     16    765
  87   13    442    512  45568   3034      0   1310
  64   36    140    512  47104   3562      0    487
  76   24    264    512  37888   4417     76   1063
  80   20    356    512  65536   8401      0   2921
  75   25    192    512  65536   5072      4    947
  73   27    172    512  40960   3887      0    653
  82   18    232    512  30720   3120      0    707
  62   38    128    512  37888   2992      0    374
  75   25    210    512  46080   5168      4   1056
  78   22    370    512  65536   8020     16   2882
  73   27    198    512  37888   4370      4    841
  79   21    210    512  40960   4178      0    857
  84   16    272    512  47104   3975      8   1048
  72   28    164    512  12288   3184      0    510
  68   32    194    512  35840   5241      8    985
  79   21    382    512  65536   7940      0   2962
  74   26    192    512  31744   4144      8    769
  78   22    184    512  40960   4229     12    748
  85   15    342    512  56832   3051      0   1019

  70   30    164    512  22528   2847      0    456
  73   27    214    512  57344   5655      0   1182
  77   23    386    512  65536   7603      0   2866
  73   27    186    512  32768   4200      4    759
  80   20    230    512  40960   4180      0    939
  86   14    290    512  51200   3216      0    911
  63   37    132    512  25600   2769      8    349
  68   32    172    512  57344   5685      6    949
  74   26    340    512  65536   8152      0   2707
  73   27    178    512  36864   4038      4    698
  73   27    196    512  65536   7596      8   1446
  80   20    230    512  43520   4078      0    916
  65   35    140    512  12288   3203      0    438
  70   30    204    512  36864   4653     20    907
  78   22    360    512  65536   8129      0   2858
  73   27    178    512  30720   4147      4    717
  80   20    252    512  40960   3535      8    862
  87   13    416    512  46080   3264     12   1314
  77   23    206    512  10240   2574      0    518
  64   36    174    512  41984   5561      4    941

  76   24    358    512  65536   8300      0   2902
  71   29    182    512  38400   4394      4    777
  79   21    186    512  40960   4123      8    741
  79   21    212    512  37376   3419      0    708
  71   29    150    512  23552   3577      0    524
  69   31    194    512  32768   4660      6    877
  82   18    418    512  65536   7209      0   2943
  75   25    196    512  31744   4571      4    871
  79   21    198    512  40960   4726     20    894
  86   14    298    512  47104   3346      0    974
  71   29    184    512  30720   3322     16    581
  67   33    188    512  47104   4891      2    896
  79   21    384    512  65536   8088      0   3033
  71   29    174    512  33280   4043      4    683
  74   26    174    512  40960   3713      0    631
  82   18    288    512  38912   2951      0    830
  66   34    154    512  10240   3045     12    446
  67   33    198    512  43008   5202      4   1002
  75   25    384    512  65536   7861     18   2930
  67   33    166    512  36352   3910      4    630

  73   27    160    512  40960   3705      0    579
  87   13    328    512  37376   2962      0    949
  65   35    126    512  20480   2958      0    364
  54   46    146    512  52736   5091      4    722
  79   21    352    512  65536   8200      0   2819
  72   28    172    512  26624   3589      4    599
  77   23    176    512  41984   4829      0    830
  85   15    260    512  45568   3524      0    895
  73   27    162    512  39936   3830      0    606
  76   24    408    512  45056   5340    394   1734
  81   19    464    512  65536   7527    126   3285
  69   31    174    512  36352   4113      8    691
  74   26    210    512  40960   3803      0    780
  89   11    398    512  29184   3030     20   1158
  70   30    257    512  33792   4761    144   1051
  74   26    396    512  38400   6312    296   2145
  84   16    858    512  65536   6622    206   5343
  71   29    248    512  47616   5074     96   1133
  80   20    216    512  57344   5504      6   1155
  86   14    380    512  36352   3117      0   1157

  68   32    596    512  65536   3827    260   1968
  67   33   1352    512  65536   3730    312   4614
  64   36    854    512  65536   9012     40   7476
  60   40    488    512  65536   4859     16   2300
  81   19    190    512  40960   4753      0    882
  82   18   1512    512  46592   2375      2   3505
  73   27    172    512  19456   3441      8    570
  59   41    154    512  55808   5638      4    844
  78   22    380    512  65536   8302    240   2841
  68   32    204    512  19968   3333     28    636
  80   20    234    512  50176   4257      0    973
  88   12    408    512  27136   2805      0   1118
  75   25    168    512   8192   3206      0    526
  68   32    192    512  36864   5466      4   1021
  81   19    422    512  65536   8073     28   3299
  71   29    156    512  39424   4096      8    616
  76   24    190    512  40960   3740      0    694
  87   13    292    512  37376   3096      0    883
  75   25    170    512  10240   3427      0    569
  67   33    166    512  46592   4799      4    774

  77   23    374    512  65536   8783    336   2872
  75   25    200    512  51200   4321     20    824
  78   22    194    512  40960   4344      8    815
  86   14    352    512  30208   3200      0   1100
  73   27    168    512  28672   3742      6    608
  71   29    228    512  42496   4567     16   1001
  82   18    414    512  65536   7633     20   3066
  80   20    328    512  47616  10121   2638    604
  74   26    220    512  40960   3318     12    701
  87   13    470    512  38400   3015      4   1380
  72   28    200    512  26624   3379     30    630
  80   20    296    512  55296   4569      0   1321
  77   23    362    512  65536   8158      2   2882
  65   35    146    512  36864   4187      4    593
  74   26    186    512  40960   3473      0    631
  87   13    336    512  49664   3251      0   1067
  77   23    196    512  16384   2800      0    536
  64   36    166    512  45056   5163      4    833
  81   19    360    512  65536   8123      0   2856
  71   29    156    512  38400   4470     20    661

  73   27    200    512  40960   3865     28    727
  85   15    276    512  31232   3995      0   1077
  74   26    158    512  11264   3318      0    512
  69   31    198    512  37376   5094      4    981
  81   19    414    512  65536   7407     32   2963
  75   25    170    512  65536   5734      4    948
  78   22    278    512  40960   4817     96   1212
  88   12    304    512  48128   3563      0   1058
  80   20    210    512  22528   3564      0    731
  66   34    174    512  57344   6049      4   1024
  77   23    390    512  65536   7745      0   2950
  69   31    146    512  36864   4692      4    665
  75   25    186    512  40960   3661      0    665
  81   19    326    512  39424   4212    114   1227
  75   25    186    512  44032   4519     56    765
  72   28    284    512  54272   6446    124   1664
  80   20    512    512  65536   7276    114   3524
  76   24    160    512  33280   4627      8    715
  78   22    232    512  40960   5067    294    854
  84   16    296    512  37888   4023      0   1163

  69   31    146    512  16384   3366      0    480
  77   23    290    512  50688   4216     20   1174
  78   22    400    512  65536   7912      0   3091
  69   31    158    512  16384   3700     24    547
  75   25    230    512  44032   3592      4    803
  86   14    436    512  32768   3034      4   1288
  66   34    148    512  16384   3487      8    496
  76   24    250    512  48128   5021     20   1206
  79   21    358    512  65536   8089      0   2828
  68   32    134    512  24576   4134      4    537
  78   22    214    512  65536   6670      2   1392
  85   15    308    512  39936   3670      0   1104
  62   38    126    512  14336   2966      0    365
  69   31    198    512  51200   5052     12    965
  74   26    358    512  65536   8575    278   2720
  71   29    140    512  19968   3913      6    529
  76   24    204    512  40960   4126      0    822
  86   14    286    512  34816   3147      0    879
  77   23    176    512  27648   4113      0    707
  64   36    184    512  38400   4902      4    877

  79   21    354    512  65536   8322     16   2861
  75   25    214    512  36864   4306    246    654
  77   23    206    512  40960   4066      8    810
  82   18    230    512  30720   3824      0    859
  62   38    122    512  24576   3315      0    395
  70   30    210    512  43008   5534      4   1131
  80   20    764    512  65536   6483    162   4675
  69   31    162    512  45056   4980     12    776
  80   20    223    512  65536   5441      4   1181
  86   14    450    512  43520   2705      0   1189
  71   29    596    512  65536   4283     38   2455
  66   34   2292    512  65536   4330    220   9473
  71   29    684    512  65536   7416     40   4914
  72   28    310    512  23552   2979      4    898
  76   24    192    512  42496   4426      0    830
  85   15    992    512  39936   2371      0   2297
  71   29    162    512  16384   3609      4    567
  71   29    206    512  32768   4866     20    959
  78   22    384    512  65536   7802      8   2918
  62   38    120    512  28672   3404      4    395

  76   24    228    512  40960   3979      0    886
  87   13    464    512  47104   2849      8   1283
  68   32    148    512  12288   3611      0    522
  76   24    236    512  53248   5280      4   1213
  79   21    368    512  65536   8189      0   2943
  75   25   3212    512  65536   8368    280  25969
  91    9   1028    512  65536   4872     96   4796
  82   18   2988    512 1048576   8606    384  24729
  80   20   2859    512  65536   6566    252  18081
  90   10    956    512  65536   5339      4   4981
  89   11   1188    512  65536   6335      0   7350
  73   27   6066    512  65536   8323    952  48353
  82   18    226    512  40960   5804      0   1281
  84   16   2212    512  65024   2403     76   5115
  74   26    170    512  57344   5360      0    890
  72   28    416    512  52736   4448    274   1533
  57   43   2454    512  65536   3481   1256   7087
  65   35    140    512  24576   3247      8    436
  78   22    216    512  40960   4285      4    900
  91    9    692    512  48128   2706      0   1829

  71   29    160    512  21504   3532      0    552
  75   25    282    512  57344   4800    206   1116
  78   22    382    512  65536   8052      0   3004
  72   28    142    512  19456   4067     34    530
  80   20    206    512  40960   4260      2    855
  86   14    332    512  24576   3044      0    987
  70   30    138    512  18432   3635      8    482
  73   27    248    512  40448   4748     20   1130
  83   17    430    512  65536   7244     76   2966
  64   36    128    512  31744   4016      4    498
  77   23    194    512  40960   4739      0    898
  82   18    244    512  24576   3063      0    730
  67   33    138    512  16384   3546      0    478
  71   29    232    512  57344   4939      4   1115
  81   19    394    512  65536   7971      0   3067
  66   34    142    512  26112   3396      4    467

