3.50
1.10
0.50
0.60
9.19
0.40
0.40
1.10
3.30
96.90
362.60
378.90
559.14
102.00
0.40
0.40
3.30
0.40
0.40
0.40
2.90
0.40
0.40
2.70
0.40
0.40
0.40
3.19
0.40
0.40
1.80
0.50
0.40
0.40
3.30
0.40
0.40
0.40
1.30
0.40
0.40
0.80
2.60
0.40
0.40
0.80
2.90
0.40
0.40
0.90
2.70
0.40
0.40
0.50
2.50
0.40
2.30
9.00
120.00
3.89
3.80
4.50
216.38
3.90
4.00
5.69
217.28
3.90
3.90
4.10
209.09
4.30
3.90
4.40
215.80
3.90
3.80
4.30
216.28
0.40
0.40
0.50
33.77
0.40
0.40
1.00
0.40
0.40
0.40
4.00
0.50
0.40
0.60
3.00
0.40
0.40
0.40
3.00
0.40
98.60
361.50
381.90
585.60
149.05
0.40
0.40
3.30
0.40
0.40
0.40
3.10
0.40
0.40
2.80
0.40
0.40
0.40
3.10
0.40
0.40
1.80
0.40
0.40
0.40
3.50
0.40
0.40
0.40
1.10
0.40
0.40
0.80
2.50
0.40
0.40
0.80
2.80
0.40
0.40
0.80
2.50
0.40
0.40
0.50
2.50
0.40
2.10
8.69
116.60
3.90
3.80
190.89
3.90
4.00
4.20
218.40
4.09
3.81
3.90
194.09
3.90
4.10
4.00
209.90
4.19
4.00
201.40
4.00
3.60
0.40
120.56
0.40
0.50
0.40
1.20
0.40
0.50
3.10
0.40
0.40
0.40
1.80
0.40
0.40
0.80
3.00
0.40
0.40
0.80
116.08
531.20
502.40
512.09
0.40
0.40
0.40
3.40
0.50
0.40
2.70
0.40
0.40
0.40
2.99
0.40
0.40
1.10
0.40
0.40
0.40
3.90
0.40
0.40
0.40
3.20
0.40
0.40
0.40
1.10
0.40
0.40
0.80
2.60
0.40
0.40
0.80
2.80
0.40
0.40
0.80
2.50
0.40
0.40
0.60
2.70
0.40
2.20
8.99
121.90
3.90
3.80
4.40
208.00
4.00
4.50
5.70
222.68
4.20
3.90
4.10
211.28
3.90
3.80
4.40
206.60
4.20
3.80
4.30
222.40
0.40
0.40
0.50
33.67
0.40
0.40
0.90
0.40
0.40
0.40
3.10
0.50
0.40
0.40
3.70
0.40
0.40
0.40
2.80
0.40
120.58
365.67
373.43
580.40
148.50
0.40
0.40
3.40
0.50
0.40
0.40
3.00
0.40
0.40
2.90
0.40
0.50
0.40
3.20
0.40
0.40
1.80
0.40
0.40
0.40
3.20
0.40
0.40
0.40
1.10
0.40
0.40
0.90
2.60
0.40
0.40
0.80
2.80
0.40
0.40
0.80
2.50
0.40
0.40
0.60
2.70
0.40
2.30
9.10
122.78
3.90
3.70
4.30
207.69
4.00
4.30
5.79
223.30
3.90
3.80
4.10
211.29
3.80
3.90
4.40
206.90
4.00
3.90
4.50
222.70
0.40
0.40
0.50
33.70
0.40
0.40
0.90
0.40
0.40
0.40
3.10
0.50
0.40
0.40
3.80
0.40
0.40
0.40
2.89
0.40
132.30
366.23
370.80
653.29
38.20
0.40
0.40
3.30
0.40
0.40
2.70
0.40
0.40
0.40
2.90
0.40
0.40
3.20
0.40
0.40
0.50
1.00
0.40
0.40
0.50
3.40
0.40
0.40
0.80
2.50
0.40
0.40
0.90
2.60
0.40
0.40
0.80
2.70
0.40
0.40
0.80
2.50
0.40
0.40
0.50
2.50
0.40
3.60
5.29
145.15
3.80
3.70
3.70
210.30
3.90
4.40
3.70
214.60
3.90
4.00
4.00
216.32
4.10
3.90
4.00
217.68
4.00
3.80
4.00
3.90
219.72
0.40
0.40
2.80
0.50
0.40
0.40
1.10
0.40
0.40
0.80
2.70
0.50
0.40
0.60
3.60
0.40
0.40
0.80
2.70
136.40
354.80
376.10
551.70
24.38
0.40
0.40
3.40
0.40
0.40
0.40
2.90
0.40
0.40
2.70
0.40
0.40
0.40
3.10
0.40
0.40
0.90
0.40
0.40
0.40
4.10
0.40
0.40
0.40
1.10
0.40
0.40
0.80
2.60
0.50
0.40
0.80
2.90
0.40
0.50
0.80
2.50
0.40
0.40
0.50
2.50
0.40
2.60
9.30
126.57
3.79
3.70
4.20
212.70
3.90
4.10
5.00
216.30
3.90
4.10
4.10
215.82
3.90
3.90
4.40
210.58
3.90
3.80
4.30
215.58
0.40
0.40
0.50
33.70
0.40
0.40
0.90
0.40
0.40
0.40
3.10
0.40
0.40
0.40
3.80
0.40
0.40
0.40
2.80
0.40
150.70
358.84
367.87
621.58
75.80
0.60
0.40
3.50
0.40
0.40
2.90
0.40
0.40
0.40
2.70
0.40
0.40
3.10
0.40
0.40
0.40
1.00
0.40
0.50
0.50
3.50
0.40
0.40
0.80
2.50
0.30
0.30
0.40
3.00
0.40
0.40
0.40
3.10
0.40
0.40
0.40
2.90
0.40
0.40
0.40
2.60
0.40
2.10
4.20
152.15
3.90
3.60
3.70
211.00
3.90
4.30
3.60
217.18
3.80
4.19
3.90
215.18
3.80
3.90
4.00
213.49
4.20
3.90
3.90
3.90
214.69
0.40
0.40
2.80
0.40
0.40
0.40
1.10
0.50
0.40
0.80
2.60
0.40
0.40
0.50
3.60
0.40
0.40
0.80
2.70
156.80
367.50
356.14
530.50
54.00
0.40
0.40
3.40
0.50
0.40
0.40
3.00
0.40
0.40
2.70
0.40
0.40
0.40
3.10
0.40
0.40
0.90
0.40
0.40
0.40
4.10
0.40
0.40
0.40
1.10
0.50
0.40
0.80
2.60
0.40
0.40
0.80
2.70
0.40
0.40
0.80
2.50
0.40
0.40
0.60
2.70
0.40
3.20
9.40
132.60
3.60
3.80
4.20
210.00
4.10
4.10
5.80
225.20
3.90
4.00
4.40
208.99
3.80
3.90
4.49
211.50
3.90
4.20
4.60
220.00
0.40
0.40
0.50
20.32
0.40
0.40
1.10
0.40
0.40
0.40
3.00
0.40
0.40
0.40
3.80
0.40
0.40
0.40
3.10
0.40
173.87
357.14
366.10
544.90
73.90
0.40
0.40
3.30
0.40
0.40
0.40
2.90
0.40
0.40
2.70
0.40
0.40
0.40
3.20
0.40
0.40
0.90
0.40
0.40
0.40
4.10
0.40
0.40
0.40
1.10
0.40
0.40
0.80
2.50
0.40
0.50
0.80
2.80
0.40
0.40
0.80
2.50
0.40
0.40
0.50
2.50
0.40
2.80
9.20
124.88
4.00
3.70
4.10
210.80
3.90
4.10
5.20
224.48
3.90
4.20
3.90
210.30
4.20
3.89
4.40
208.89
3.90
3.80
4.70
223.20
0.40
0.40
0.50
27.27
0.40
0.40
1.00
0.40
0.40
0.40
3.10
0.40
0.40
0.40
3.80
0.50
0.40
0.40
3.10
0.40
180.20
363.84
369.80
659.44
0.40
0.40
0.40
3.30
0.40
0.40
2.90
0.40
0.40
0.40
2.70
0.40
0.40
3.30
0.40
0.40
0.50
1.00
0.40
0.40
0.50
3.39
0.40
0.40
0.80
2.50
0.40
0.40
0.90
2.80
0.40
0.40
0.80
2.70
0.40
0.40
0.80
2.50
0.40
0.40
0.50
2.50
0.40
4.10
10.09
138.76
3.80
3.90
4.29
216.00
4.10
2.00
4.00
219.28
4.00
3.90
3.70
205.09
3.90
4.19
4.00
197.60
4.19
3.90
199.80
3.60
0.40
0.40
66.53
0.40
0.40
0.40
0.80
0.50
0.40
0.80
2.80
0.40
0.50
0.50
3.80
0.40
0.40
2.80
0.40
0.40
177.72
574.53
439.90
529.27
0.50
0.40
0.40
3.40
0.40
0.40
2.90
0.40
0.40
0.40
2.70
0.40
0.40
3.20
0.40
0.40
0.40
0.90
0.40
0.40
0.50
3.40
0.40
0.40
0.80
2.50
0.40
0.40
0.80
2.70
0.40
0.40
0.80
2.70
0.40
0.40
0.80
2.50
0.40
0.40
0.50
2.50
0.50
29.57
10.41
145.05
4.20
3.70
4.20
216.08
4.50
3.80
4.60
215.38
3.80
3.90
3.80
215.50
3.80
3.90
4.00
216.30
4.30
3.90
3.90
3.90
214.89
0.40
0.40
2.80
0.40
0.50
0.40
1.00
0.40
0.40
0.80
2.60
0.40
0.40
0.50
3.50
0.40
0.40
0.80
2.60
200.70
363.94
351.30
489.51
3.30
0.40
0.40
45.60
0.50
0.40
2.90
0.50
0.40
0.40
2.90
0.40
0.40
16.80
9.80
0.40
0.60
1.00
0.40
0.50
0.40
4.20
0.40
0.40
0.40
1.10
0.40
0.40
0.80
2.70
0.40
0.50
0.80
2.80
0.40
0.40
0.80
2.50
0.40
0.40
0.60
2.70
0.40
3.20
9.49
130.13
3.60
3.90
4.20
214.89
4.00
4.10
5.49
219.10
3.90
4.00
4.40
206.29
3.80
4.20
4.60
218.42
3.80
3.90
4.60
214.89
0.40
0.40
0.50
20.40
0.40
0.40
1.10
0.40
0.40
0.40
2.90
0.40
0.40
0.50
3.80
0.50
0.40
0.40
3.10
0.50
201.80
358.20
365.60
594.31
34.30
0.40
0.40
3.50
0.40
0.40
3.00
0.40
0.40
0.40
2.70
0.40
0.40
3.20
0.40
0.40
0.40
0.90
0.40
0.50
0.50
3.40
0.40
0.40
0.80
2.50
0.40
0.40
0.80
2.60
0.40
0.40
0.80
2.70
0.20
0.40
0.40
2.90
0.40
0.40
0.40
2.59
0.40
3.00
4.10
155.10
3.90
3.70
3.40
211.41
4.00
4.30
3.90
223.18
3.90
4.00
3.79
209.70
3.90
3.89
3.90
215.10
4.00
4.10
