9.9
7.5
4.0
35.5
7.4
6.1
29.9
7.0
7.4
33.2
8.2
5.4
28.0
7.7
4.9
32.3
6.1
7.0
34.3
7.5
5.4
28.9
9.7
4.9
33.5
7.8
6.1
32.2
6.1
7.4
28.1
7.5
7.4
39.8
6.8
5.1
35.3
7.1
6.3
37.1
6.3
6.3
32.7
7.5
5.4
34.7
7.6
4.9
31.2
6.3
7.0
35.5
8.3
6.3
34.9
9.9
4.0
33.7
7.4
6.1
34.4
6.2
7.3
33.5
8.2
5.4
30.9
7.5
4.9
35.2
6.1
7.0
29.4
7.6
5.4
35.8
7.2
5.3
33.4
7.4
4.0
33.1
7.3
5.9
37.1
8.4
5.6
29.8
9.3
4.9
28.3
7.8
7.1
36.3
5.0
8.3
29.2
6.8
6.4
36.3
6.3
5.2
30.7
6.3
6.4
35.8
7.8
5.4
32.6
7.6
5.5
31.4
8.6
5.0
53.5
10.3
8.4
40.3
7.2
5.5
28.5
8.8
4.9
34.6
7.5
6.2
33.4
6.1
8.0
36.6
7.9
6.3
36.0
6.6
5.3
35.5
6.3
6.5
30.3
5.7
7.3
31.8
8.4
5.3
37.3
7.9
4.1
32.3
6.2
6.3
32.0
8.5
6.4
35.7
8.7
5.1
30.2
6.6
7.2
32.3
5.0
7.6
37.0
8.1
5.4
34.1
7.2
4.9
30.3
6.6
7.2
34.0
6.2
7.4
31.8
9.3
4.5
36.7
7.1
4.9
37.9
6.3
7.2
34.6
7.2
6.3
29.9
7.9
5.1
31.2
6.5
6.2
32.3
6.2
6.7
34.9
8.2
5.4
31.4
7.5
4.9
31.4
7.4
7.0
37.9
6.9
7.1
29.6
8.8
6.0
28.7
7.5
5.0
33.2
6.5
7.0
30.5
7.6
6.4
32.6
7.5
5.0
27.4
6.7
6.3
35.9
6.2
6.7
30.9
8.6
5.5
38.3
8.9
5.0
31.6
6.9
7.0
36.4
5.1
7.7
30.3
7.6
5.5
34.8
7.6
4.0
30.0
6.3
6.5
40.1
8.4
5.5
37.8
9.7
4.9
30.1
7.3
7.1
32.3
5.5
7.6
33.2
8.5
5.4
36.4
7.7
4.0
34.5
7.5
6.2
29.7
6.3
6.7
33.5
8.6
5.5
37.2
7.6
5.0
34.5
6.2
7.8
33.3
7.5
6.4
32.6
7.7
5.0
33.8
6.6
6.4
33.4
7.4
6.8
30.7
9.3
5.3
36.2
9.0
4.9
28.2
7.4
7.2
36.4
5.2
7.7
29.7
7.7
5.5
34.7
7.6
4.0
32.7
6.3
6.4
34.6
8.3
6.3
32.6
8.9
5.2
34.4
7.6
7.2
32.3
5.2
7.7
41.0
7.1
5.7
31.4
9.5
4.2
34.4
7.2
6.1
34.0
6.3
6.9
31.3
9.1
5.6
34.8
7.6
5.1
33.0
6.2
7.4
33.0
7.6
6.4
31.7
9.7
5.2
29.7
8.0
7.2
34.2
5.0
7.5
34.3
7.6
5.6
31.9
9.3
5.0
31.4
7.4
7.4
31.2
5.1
7.6
28.4
7.5
5.5
35.3
7.3
4.0
31.1
6.1
6.3
37.8
9.4
6.2
28.7
9.8
5.2
33.0
7.4
5.1
32.9
5.5
6.6
41.1
7.0
5.4
34.8
8.7
4.9
34.8
7.9
6.2
31.5
6.3
6.5
31.7
8.0
5.7
31.3
7.6
5.0
29.5
7.4
7.7
28.1
8.2
6.3
30.2
8.7
5.0
32.7
6.6
5.5
33.1
5.0
6.5
30.7
7.7
5.4
27.5
9.3
4.9
32.2
7.4
7.2
34.5
5.2
7.6
30.1
7.7
5.5
37.6
8.8
4.1
33.3
6.4
6.4
31.8
8.2
6.4
29.3
8.6
5.1
33.4
6.5
5.0
33.4
6.5
6.8
37.4
7.3
5.7
32.0
8.9
5.0
36.9
7.5
6.4
32.0
6.2
7.6
37.6
9.8
6.4
33.3
6.9
5.3
33.1
6.2
6.4
33.6
5.5
7.6
34.5
9.5
5.2
32.1
7.4
4.9
33.5
6.2
7.7
30.9
8.6
6.1
35.8
10.0
5.2
36.9
7.5
7.7
35.4
12.2
8.5
43.3
8.9
4.9
36.3
7.2
4.0
34.7
6.4
5.6
33.7
6.2
6.6
29.7
9.8
5.5
31.8
7.3
5.0
31.6
6.4
7.8
31.6
7.3
5.5
30.1
8.7
5.1
32.5
8.8
6.4
35.1
151.0
7.9
59.7
7.6
6.2
34.5
8.7
5.0
42.8
6.2
6.5
34.3
5.5
7.6
39.3
9.4
5.0
31.9
7.4
5.0
32.3
6.2
7.7
30.4
7.4
5.4
32.3
10.4
4.9
32.8
8.0
7.1
36.8
4.9
8.5
38.0
6.6
6.5
32.1
8.8
4.1
37.6
8.1
5.6
36.7
6.1
6.6
37.5
9.8
4.9
33.2
7.1
5.3
35.4
6.1
9.1
36.3
7.6
6.4
36.5
9.1
4.6
38.3
6.9
6.2
39.4
6.4
6.8
33.0
8.3
5.5
35.2
9.6
4.9
35.9
6.2
6.3
37.4
5.4
7.6
32.2
9.3
4.9
38.1
7.4
5.6
39.4
7.4
8.3
33.6
7.7
5.7
34.4
8.7
5.1
41.4
6.6
6.3
42.3
5.0
7.5
35.5
7.5
5.8
39.2
9.3
4.0
36.4
6.3
5.4
37.6
6.1
6.6
34.2
10.1
4.9
33.6
9.1
5.0
43.6
6.3
8.4
35.6
6.3
6.2
31.6
7.7
5.1
39.1
6.5
6.1
33.7
6.3
6.6
34.1
8.2
5.4
33.7
9.4
5.0
34.2
6.1
6.5
33.0
5.5
7.7
34.3
10.7
5.5
34.5
8.5
5.3
35.0
6.2
8.6
32.3
6.9
6.4
35.2
8.5
6.2
37.0
6.6
5.1
36.1
6.3
7.7
34.3
7.7
5.4
32.1
9.4
4.0
38.1
6.3
5.5
32.7
7.3
6.9
37.9
11.2
4.9
35.2
7.7
5.1
38.0
6.2
7.4
37.7
7.2
6.3
29.4
7.9
5.1
44.7
6.5
4.2
34.1
6.5
6.6
35.2
8.2
5.5
32.7
10.4
4.8
36.5
7.5
6.3
34.6
7.6
6.5
36.2
10.0
5.0
35.1
7.4
5.3
37.5
8.7
7.2
33.3
5.6
7.8
34.6
8.5
5.2
33.4
6.8
5.2
35.4
6.2
8.2
35.6
7.7
5.5
37.0
10.9
4.1
35.4
7.9
5.5
37.5
6.2
7.0
30.4
9.7
5.0
37.3
7.2
5.2
30.6
6.1
8.5
36.0
4.4
8.6
32.6
8.0
5.1
33.9
6.5
4.1
37.5
6.3
6.6
33.2
9.9
5.4
32.2
11.0
4.9
73.0
12.9
6.6
45.4
5.4
7.5
39.3
9.4
4.9
33.9
7.4
5.4
34.5
6.0
8.4
31.3
4.5
8.4
34.0
8.6
4.1
37.7
6.8
4.2
41.4
7.4
6.5
33.2
10.0
5.6
33.5
9.4
5.1
34.5
6.1
7.1
40.7
5.3
8.2
30.1
7.7
5.2
41.3
6.5
4.2
34.7
6.3
5.2
36.7
6.2
6.8
32.2
9.4
5.0
37.2
7.7
5.3
27.9
7.7
7.8
37.1
8.4
5.5
30.5
9.3
6.0
39.4
6.2
6.4
28.0
5.4
7.6
32.0
8.6
5.8
31.1
9.8
6.4
36.6
6.1
7.2
31.4
5.2
8.6
34.0
10.3
4.9
34.3
8.2
5.4
39.1
6.3
7.7
33.0
7.9
5.5
40.6
9.4
4.3
34.1
6.5
6.5
38.7
6.2
7.9
32.1
8.9
5.1
33.6
8.7
5.1
35.4
6.3
6.4
38.3
6.6
7.9
33.2
10.2
5.1
38.4
6.5
4.2
41.7
7.1
6.6
36.3
9.6
5.5
36.6
9.4
5.2
36.0
6.1
5.1
37.4
5.2
9.8
38.4
8.3
5.4
32.8
8.6
5.1
34.4
7.6
6.4
34.3
6.8
8.3
35.1
9.6
4.0
36.5
6.7
4.2
36.2
6.0
6.6
32.6
8.3
5.4
37.4
9.4
5.0
35.1
6.2
5.1
36.4
6.1
8.6
31.2
7.8
5.1
37.5
9.8
4.2
36.1
7.7
5.7
37.2
6.5
6.5
33.8
10.1
5.1
39.9
6.5
5.1
33.8
6.9
7.5
34.9
10.4
5.2
33.6
7.8
5.1
30.8
8.3
3.3
36.5
6.3
6.6
29.4
12.9
4.9
34.2
10.1
5.3
33.1
8.5
6.6
37.6
5.4
7.7
32.6
10.4
5.2
33.3
7.3
4.2
34.3
8.2
7.4
33.3
7.6
9.9
31.4
12.0
6.6
36.1
6.4
4.6
35.1
9.4
6.9
34.7
10.8
6.6
41.6
16.8
5.9
38.7
6.3
6.3
38.9
7.2
7.5
34.0
11.5
5.9
32.1
8.7
46.0
49.3
6.1
7.5
39.8
9.2
6.3
34.6
9.5
4.2
36.5
9.6
4.8
37.6
7.7
6.6
36.0
11.8
5.0
29.4
9.6
5.1
34.6
8.2
7.1
32.9
5.4
8.5
31.2
9.7
5.6
36.7
6.6
4.2
33.4
8.3
6.6
30.5
8.3
6.1
28.3
12.0
5.1
35.9
7.9
5.8
35.6
8.3
6.6
36.0
9.5
5.0
35.3
11.8
5.1
34.5
6.3
6.4
34.1
7.0
9.1
30.2
7.8
5.1
32.3
8.7
4.2
37.2
6.3
7.8
32.1
11.8
6.2
31.3
10.3
5.1
38.1
8.3
5.2
39.2
5.5
7.6
35.6
10.5
5.5
29.2
8.9
5.2
32.8
8.2
6.4
38.4
6.1
7.7
31.1
10.8
5.1
32.8
6.7
5.2
30.8
9.4
7.5
34.3
10.1
6.9
35.4
10.9
5.4
37.5
6.4
4.4
37.4
8.0
7.6
37.4
8.2
6.2
30.0
11.6
5.1
34.4
6.4
6.7
36.4
7.0
8.4
30.8
7.8
5.1
35.0
9.8
4.2
40.5
8.0
6.6
36.6
10.2
6.1
31.8
8.8
5.1
38.5
11.7
4.4
40.9
6.4
7.8
30.8
9.3
6.5
31.0
8.8
5.2
33.0
8.1
6.2
34.2
6.4
7.7
32.2
12.2
5.2
32.9
8.1
6.0
36.1
8.1
7.7
33.8
6.2
7.5
38.3
10.7
5.2
32.2
6.3
4.4
35.5
8.7
7.6
32.1
8.4
6.1
30.1
10.9
5.0
39.9
6.6
6.3
32.9
8.4
8.4
32.9
9.0
5.6
42.6
8.6
4.1
41.9
6.9
6.7
37.7
8.2
7.3
36.6
8.9
5.1
35.3
8.6
4.2
36.1
6.5
7.6
32.6
9.3
6.8
30.1
8.6
5.1
33.8
9.7
6.3
35.3
8.2
7.6
29.5
10.9
5.1
36.8
9.2
5.2
35.9
8.0
7.5
31.4
6.2
7.4
33.3
10.9
5.3
32.7
6.4
4.2
44.0
8.0
7.6
35.5
8.6
6.2
29.7
12.1
5.2
37.5
7.7
6.6
32.0
7.3
8.5
37.1
7.9
5.2
33.7
10.8
5.2
37.2
6.3
6.5
32.0
8.3
7.4
30.0
9.5
5.4
37.4
8.1
5.1
32.0
6.1
8.6
29.8
9.7
7.2
47.2
9.0
5.5
35.6
8.5
4.1
37.1
6.4
7.5
38.8
10.9
5.1
35.1
8.8
5.7
34.0
8.1
7.5
30.4
6.1
7.4
30.2
10.9
5.1
32.2
6.3
4.2
38.6
9.6
8.4
34.7
9.0
6.4
34.4
10.7
5.3
37.5
6.7
4.2
35.3
7.9
8.6
31.4
7.9
5.1
32.9
9.8
5.6
38.6
6.4
6.7
30.5
8.1
7.5
28.7
9.6
5.2
34.3
10.4
5.4
33.1
7.3
8.6
34.2
9.7
6.3
31.5
8.8
5.2
37.4
8.3
4.2
34.8
6.3
8.7
30.8
9.7
5.5
30.3
7.9
5.2
33.3
8.2
6.8
38.6
6.3
7.4
35.2
12.1
5.4
35.8
7.9
4.2
29.9
8.3
8.4
34.1
5.5
7.5
28.0
10.7
5.1
39.0
6.5
4.3
37.3
8.0
8.4
30.3
7.9
5.2
33.5
9.8
5.3
35.4
6.5
6.7
36.8
9.6
7.7
32.5
11.0
5.2
33.3
9.6
5.1
38.0
6.2
8.6
32.4
6.4
9.7
31.7
7.9
6.4
35.0
8.2
3.3
36.1
6.1
7.3
30.8
10.9
5.0
30.8
8.7
5.2
34.3
9.6
7.8
32.7
7.6
7.5
32.9
10.9
5.7
37.5
8.7
4.3
33.8
8.0
8.4
32.3
5.6
7.6
34.8
11.0
5.1
32.9
6.5
4.6
39.9
8.0
8.7
29.1
8.0
5.6
40.0
12.3
5.3
38.1
8.0
6.6
35.0
8.0
7.8
32.1
9.2
5.1
38.0
10.2
5.0
34.1
6.6
8.4
34.3
6.3
8.6
30.8
7.8
5.3
38.6
8.2
3.5
36.7
6.1
7.3
30.9
11.9
5.1
33.5
11.6
5.6
49.5
8.0
7.5
43.7
6.2
9.6
38.8
10.7
5.0
42.4
8.6
5.7
39.7
7.9
8.2
38.0
5.8
7.9
33.2
10.7
5.1
34.0
6.5
4.3
30.0
9.5
8.7
37.4
8.8
5.9
35.2
9.6
5.2
38.0
6.3
5.4
32.5
8.1
7.5
35.7
9.4
5.3
30.8
11.4
5.0
29.5
6.1
8.4
32.2
6.3
8.5
32.2
7.8
5.1
36.4
9.5
3.3
34.8
7.8
7.9
31.6
11.2
5.1
34.8
8.9
5.4
35.0
8.1
6.3
31.9
6.2
7.5
32.4
10.6
4.9
31.6
8.7
5.1
34.3
7.8
8.3
33.6
4.6
8.7
30.4
11.0
5.4
38.5
8.0
3.4
38.0
8.1
7.6
34.2
9.0
5.2
31.6
11.0
5.8
40.1
6.6
6.4
32.4
7.0
8.7
32.1
8.6
5.2
31.8
10.3
5.4
34.9
6.1
7.5
30.7
8.6
7.4
30.9
10.3
5.5
37.4
8.3
4.2
38.1
6.2
7.3
32.7
10.9
5.1
31.0
9.0
5.2
33.0
8.1
4.3
37.9
6.3
7.9
31.5
11.9
5.0
32.7
9.6
5.2
34.1
9.2
8.7
31.4
7.6
8.1
34.4
11.9
5.1
39.6
6.2
5.2
33.3
8.2
10.6
29.7
6.4
6.8
33.2
9.7
5.1
35.6
6.4
3.4
29.8
8.2
7.4
29.9
9.5
5.5
30.1
13.0
5.0
33.3
7.6
8.5
34.9
7.8
7.6
30.1
9.0
5.2
37.1
9.0
4.2
36.6
6.1
8.4
27.9
7.6
7.7
33.1
7.8
5.2
34.1
8.5
4.6
39.4
6.2
7.7
35.9
12.1
5.4
36.6
10.5
5.2
35.7
7.9
8.3
32.3
5.6
7.7
33.1
11.7
5.4
37.6
6.4
4.3
33.1
7.9
8.7
31.3
6.4
7.4
31.8
10.5
5.2
34.0
6.2
5.2
32.9
9.0
8.0
33.9
10.3
5.2
31.5
10.8
5.0
35.7
6.2
8.4
35.0
6.4
8.8
29.9
8.0
5.5
33.7
9.3
4.5
38.2
6.1
7.5
29.8
10.1
6.1
31.2
9.7
5.2
33.1
9.6
6.3
38.8
7.6
7.5
31.9
11.6
5.1
32.6
9.5
5.3
34.8
8.6
9.5
35.0
5.4
7.7
30.5
10.7
5.1
31.8
8.4
4.3
34.8
7.9
8.6
31.9
6.4
7.1
30.8
12.1
5.3
38.3
7.6
5.4
40.9
7.5
7.5
35.4
8.9
5.1
32.4
10.9
5.0
30.4
6.2
6.3
34.7
7.8
8.6
26.5
8.1
5.5
35.8
9.4
5.1
30.6
6.2
7.5
33.3
9.9
6.7
33.4
10.5
5.4
42.5
8.0
6.2
35.5
5.5
7.6
33.2
10.2
5.6
32.4
8.7
5.1
33.2
7.8
6.1
32.3
6.2
7.5
35.4
11.7
5.0
32.9
8.3
5.1
33.5
9.1
8.9
33.8
7.2
7.4
33.7
9.6
5.2
36.4
6.1
4.0
35.2
8.1
7.4
31.2
7.1
6.7
32.5
10.6
5.0
39.1
6.1
7.0
36.4
7.2
8.3
34.1
8.1
5.2
34.7
10.7
5.2
40.8
7.6
8.0
35.3
8.8
6.4
30.9
8.9
5.6
36.4
7.9
4.9
34.4
6.1
7.5
36.7
8.6
6.0
31.8
8.7
5.2
33.1
8.0
6.6
31.7
6.1
8.6
31.8
11.9
5.5
36.6
8.6
5.6
40.0
8.5
7.6
36.1
6.6
6.4
32.1
10.0
5.9
34.7
6.2
5.4
33.6
7.1
9.5
33.0
5.8
8.3
34.4
8.8
6.2
33.4
6.0
5.4
36.5
8.7
7.6
33.2
11.1
5.2
39.1
9.5
6.0
34.8
6.6
7.6
36.4
7.7
7.1
26.6
8.9
5.2
32.1
9.3
5.2
33.0
6.2
7.7
36.1
7.7
