9.9
32.6
6.7
7.2
33.2
7.2
7.0
30.1
7.4
6.1
34.1
8.6
4.1
28.9
6.8
6.3
29.7
8.2
7.3
32.9
7.7
6.3
27.8
9.8
5.2
33.2
7.7
6.5
30.8
9.2
6.4
27.2
8.7
6.2
37.8
9.7
6.2
34.2
6.2
7.5
33.6
9.5
6.3
33.9
6.6
5.1
31.6
8.5
7.6
30.7
6.3
6.6
32.5
11.7
6.3
34.8
7.9
5.4
30.9
9.8
6.5
35.1
7.4
6.1
31.4
9.6
5.2
31.8
6.6
6.3
32.6
8.2
7.3
28.2
7.6
6.3
34.7
8.6
5.1
32.3
6.7
7.1
29.6
8.4
8.3
34.6
7.6
6.4
30.9
8.5
4.1
31.1
6.6
5.4
34.7
10.4
6.2
27.5
9.6
5.2
32.5
9.3
7.3
28.7
6.2
7.5
32.4
9.9
6.5
33.7
6.9
5.0
28.3
9.8
7.5
51.7
11.5
7.5
38.0
9.6
6.3
29.7
6.8
5.1
33.3
8.3
6.7
34.0
7.4
6.7
33.6
10.7
5.6
36.1
7.5
6.5
31.3
8.3
7.7
29.1
7.7
6.3
30.6
9.9
5.1
35.1
8.7
6.8
28.7
7.2
8.7
30.7
7.7
6.3
35.9
9.5
4.1
31.6
6.2
6.3
29.2
10.3
6.3
36.1
8.7
5.7
31.0
8.5
7.2
29.8
6.5
7.4
30.9
10.4
6.3
31.7
7.8
6.0
34.7
8.3
6.2
37.4
6.3
7.5
31.0
10.4
6.4
30.2
7.6
5.1
28.5
8.1
7.3
31.5
7.3
6.3
33.0
9.4
5.3
32.3
6.6
6.3
28.8
9.5
7.2
35.6
8.7
6.4
30.6
8.7
4.2
31.7
6.4
5.5
30.5
8.6
7.4
29.2
8.5
6.4
30.8
9.4
5.0
26.0
7.1
7.3
32.8
9.5
6.4
31.0
7.9
5.2
37.1
10.1
6.5
29.8
8.2
6.1
33.3
10.4
6.3
30.0
8.2
5.2
31.7
8.6
7.6
28.6
5.3
8.7
36.8
8.5
6.5
40.9
6.7
4.2
30.7
8.2
6.3
31.5
8.4
6.4
29.9
12.0
5.2
34.1
8.0
7.4
32.0
7.2
7.6
28.8
7.5
6.3
31.4
9.8
5.5
38.1
6.7
6.5
31.8
8.3
8.1
32.0
8.6
6.3
30.4
9.8
5.2
32.9
6.6
7.2
30.3
10.7
6.6
29.6
9.0
6.0
36.6
8.6
6.2
28.9
6.2
6.3
33.3
10.4
6.4
29.0
8.7
5.2
31.7
8.5
7.6
31.3
5.3
8.6
31.3
9.2
6.6
34.8
7.6
4.2
33.7
9.4
6.2
29.9
9.7
6.4
31.3
17.3
5.2
32.5
6.7
7.2
32.3
7.0
7.3
33.8
6.7
6.5
29.2
9.8
6.0
35.7
6.8
6.5
30.4
8.3
7.6
30.9
9.4
6.5
29.9
10.4
5.4
29.8
8.9
6.3
31.0
9.6
7.0
33.3
8.8
5.2
31.1
7.6
6.0
34.2
5.4
8.0
28.2
8.8
7.1
27.6
7.9
5.9
32.3
7.6
8.2
29.7
4.5
9.1
34.5
9.5
7.3
30.5
7.2
5.0
33.9
7.4
7.1
30.1
7.7
7.3
36.4
9.3
6.7
34.8
7.0
5.9
33.6
7.7
8.3
30.7
6.6
7.0
29.6
8.6
6.0
32.5
5.8
7.3
27.0
8.5
7.6
27.0
8.3
6.5
31.2
8.6
5.1
33.9
5.0
7.7
28.0
9.4
7.3
28.7
7.6
6.4
26.5
7.7
5.9
35.0
5.0
7.5
31.3
9.6
7.2
29.2
7.7
6.4
34.5
8.9
8.5
30.9
5.2
9.0
29.3
8.4
6.5
32.5
6.1
5.4
32.7
7.2
7.1
31.4
5.2
8.7
34.2
10.1
6.2
33.1
5.7
6.4
35.4
7.6
7.7
32.8
6.3
6.6
35.6
11.0
7.2
32.2
7.7
7.8
28.9
7.4
8.6
32.3
6.4
7.6
31.7
9.6
6.0
35.1
5.1
7.3
29.6
7.1
8.5
31.0
7.6
7.3
35.5
7.6
6.7
39.1
5.8
6.9
34.3
14.6
9.3
40.6
9.6
6.6
33.6
7.6
8.1
32.6
4.0
9.8
30.4
7.7
7.4
29.7
6.6
6.4
33.0
7.4
7.1
29.3
5.4
8.8
29.2
10.2
6.0
31.3
5.5
6.3
30.4
9.6
7.7
34.7
152.1
7.0
50.4
17.2
6.1
35.0
6.0
9.3
37.5
8.5
8.5
33.2
6.4
7.6
36.3
9.7
6.0
34.7
5.1
7.4
28.1
7.4
8.5
30.5
7.4
6.3
31.3
8.8
5.9
34.4
6.5
6.9
34.9
9.7
6.4
37.1
8.5
6.4
30.1
8.7
6.5
35.0
5.6
11.5
33.4
7.6
7.2
37.5
6.8
6.4
33.8
7.3
6.5
35.0
4.9
7.9
34.8
11.7
6.1
35.7
7.6
6.9
35.6
7.6
8.3
38.5
6.4
7.6
31.2
8.5
6.2
38.3
5.4
5.4
34.4
7.5
8.4
24.9
17.6
7.4
15.7
23.3
6.0
24.8
21.1
6.6
18.8
27.3
7.5
16.9
25.0
6.5
16.7
24.6
6.3
22.8
24.9
7.6
16.1
31.5
7.1
16.1
26.0
6.7
19.4
26.4
6.0
18.7
21.7
9.6
15.9
25.9
7.3
19.4
21.4
6.8
19.8
23.3
6.6
20.6
27.7
7.8
25.2
18.8
5.9
22.2
15.9
6.3
25.5
18.1
9.2
21.6
16.4
7.5
24.4
16.3
6.1
26.6
15.5
5.2
25.8
14.5
8.3
22.7
15.7
7.6
22.7
19.6
6.1
27.1
16.7
7.0
23.4
16.5
7.8
22.0
18.9
6.4
23.3
18.6
7.1
27.2
16.2
7.5
23.0
16.3
8.6
23.7
18.3
6.4
23.1
15.6
6.1
26.6
15.5
9.6
17.9
20.2
7.5
24.2
21.8
6.6
27.4
16.1
6.5
21.1
21.4
7.9
25.1
20.8
6.0
22.3
13.9
6.3
27.5
21.7
8.3
22.2
13.1
9.8
20.3
21.5
6.1
26.4
16.0
5.0
26.7
16.9
8.5
22.0
18.9
7.6
16.0
26.8
6.6
21.6
21.3
6.8
19.3
24.5
8.8
15.8
25.3
6.2
18.5
22.7
6.0
19.0
21.1
7.6
15.7
22.9
8.4
17.7
26.2
6.4
19.1
25.9
6.3
18.0
23.0
9.8
16.7
25.1
7.6
14.9
22.3
6.3
22.2
23.1
6.4
16.6
18.6
7.8
16.4
28.3
6.1
14.8
24.6
6.4
17.6
20.8
8.2
17.9
20.8
9.6
15.8
25.3
6.5
19.8
22.1
5.5
26.7
59.1
8.3
23.3
27.5
7.5
17.8
28.1
6.1
21.9
19.7
7.0
8.9
30.4
7.6
5.0
34.6
6.3
3.3
37.3
6.1
6.6
35.6
8.6
5.4
38.4
9.5
4.8
36.1
7.0
6.9
35.2
4.9
8.7
32.5
7.7
5.1
42.7
6.3
4.0
33.4
6.3
6.6
39.2
8.3
5.4
30.5
9.5
4.9
35.9
7.5
5.0
33.9
6.1
8.3
37.4
7.4
5.4
26.9
8.7
5.2
39.8
6.2
7.1
31.8
5.2
9.4
37.1
8.5
4.9
28.2
7.6
4.0
34.7
6.0
8.4
32.8
4.7
9.8
35.0
7.7
5.0
33.0
6.7
4.3
38.6
6.6
7.4
34.4
8.0
5.8
36.5
8.7
4.9
35.9
6.4
6.3
41.1
6.0
7.7
31.4
9.2
5.2
39.5
6.8
5.7
34.2
6.4
7.6
34.7
5.0
7.6
33.0
8.8
5.2
39.5
7.6
4.2
37.1
6.7
7.3
36.3
8.3
5.3
37.6
10.4
4.9
38.1
7.4
7.1
38.0
5.2
8.5
34.5
7.6
5.0
37.0
7.5
4.7
41.8
5.9
7.6
33.7
5.4
7.5
33.4
8.6
5.1
35.8
8.2
4.1
38.0
6.0
7.3
34.4
8.5
5.4
32.0
9.3
4.9
34.3
6.2
7.0
39.0
5.0
8.1
33.7
7.8
5.1
34.9
7.7
5.2
34.5
6.3
6.5
38.8
6.2
6.6
34.0
9.8
5.5
36.2
7.6
4.9
35.5
6.8
8.4
38.9
7.2
5.4
31.6
9.1
4.9
39.7
6.1
6.1
34.8
6.3
6.5
29.8
9.4
4.9
32.7
8.5
4.9
34.5
6.2
8.2
36.5
5.4
8.0
33.0
8.6
4.9
37.8
7.7
4.0
37.4
6.0
7.4
31.9
7.5
6.3
33.0
8.6
5.0
35.7
6.4
9.9
35.9
7.8
7.5
33.8
8.7
5.0
36.9
7.2
5.2
37.6
6.3
13.3
45.1
8.3
7.5
36.3
8.7
4.9
41.3
7.1
4.9
35.6
8.3
9.2
33.3
7.3
46.2
46.9
8.5
4.9
44.6
6.0
6.1
36.4
6.5
6.6
36.6
9.5
5.2
37.2
7.7
5.0
40.1
6.0
8.3
31.2
4.5
8.4
35.3
7.5
5.0
35.1
7.2
3.3
36.7
6.1
7.0
34.6
8.4
5.4
31.4
9.4
5.0
32.1
6.2
7.0
33.9
5.2
7.5
35.1
8.7
5.5
36.8
7.4
5.0
37.6
6.2
8.3
38.5
6.2
7.5
32.1
8.7
5.0
37.6
6.7
4.0
33.5
6.3
6.6
32.3
8.4
5.3
33.1
10.8
4.9
37.1
6.4
7.1
34.9
5.5
7.5
38.0
8.7
5.0
38.0
7.6
4.2
40.1
6.5
7.4
30.1
5.6
7.6
32.3
8.8
5.1
39.1
6.7
5.5
35.3
6.2
7.6
31.6
7.7
5.5
31.6
9.4
4.9
37.3
6.7
7.7
40.0
5.1
7.8
35.2
9.0
5.0
36.3
9.2
5.0
39.0
6.2
7.2
34.5
5.7
7.7
31.9
8.9
5.2
38.7
7.1
4.1
34.1
6.3
6.6
36.2
8.3
5.6
37.3
10.1
4.9
40.4
6.0
7.3
33.6
5.5
7.5
42.1
8.3
5.0
37.7
8.9
5.1
35.6
6.1
6.3
32.3
6.3
7.7
32.4
8.6
5.0
35.1
6.7
5.3
38.0
6.4
7.6
33.1
8.1
5.9
35.7
9.4
5.0
35.6
6.2
5.0
42.8
6.2
7.7
29.7
8.8
5.1
35.1
9.3
4.9
33.9
6.2
7.0
34.6
5.1
7.5
37.5
8.9
5.0
36.4
7.5
3.9
37.4
6.5
6.9
42.6
8.2
5.5
37.9
9.9
5.3
41.3
6.0
4.9
39.1
6.4
7.5
35.3
8.6
5.0
33.1
8.8
4.9
37.4
6.4
6.8
31.5
5.5
7.6
34.6
8.9
5.0
37.6
7.2
5.1
34.1
6.2
7.7
37.9
7.5
5.7
35.6
9.2
4.9
33.2
6.1
5.8
37.1
6.2
7.9
30.2
8.8
4.9
43.0
9.3
4.9
37.3
6.4
7.1
35.4
5.2
7.6
36.5
9.0
5.0
34.5
7.2
4.1
40.5
6.3
6.7
36.9
6.2
6.8
33.7
9.6
4.9
35.7
6.2
5.0
32.4
6.2
8.7
38.0
7.6
5.1
30.2
7.9
5.2
36.5
6.7
6.3
48.9
6.5
6.8
34.4
9.8
5.0
35.0
7.6
5.0
43.4
6.2
7.6
36.0
5.5
8.2
33.6
9.3
4.9
32.1
6.2
4.9
34.8
6.2
7.6
29.8
8.7
5.1
38.6
9.7
5.0
38.4
6.5
6.8
38.4
5.3
7.5
35.3
8.9
5.0
34.2
9.4
4.1
34.7
6.4
6.7
35.0
6.6
6.6
35.3
9.8
4.9
34.3
6.0
5.1
31.2
6.2
8.6
37.0
7.7
5.4
32.5
8.9
5.1
38.8
6.3
6.4
33.5
5.5
7.6
37.3
8.4
4.9
31.7
8.7
5.4
36.3
6.3
6.8
30.2
6.4
6.8
32.0
9.5
5.0
40.4
6.2
5.0
41.0
6.3
7.8
34.9
8.8
5.0
29.1
9.3
5.0
36.6
6.3
4.2
32.6
6.0
7.6
36.7
8.8
5.4
35.9
9.3
4.1
33.6
6.4
6.7
35.7
6.2
6.8
32.0
9.8
5.4
41.5
6.3
5.3
36.1
6.4
8.6
34.9
8.0
5.1
36.2
8.0
5.2
37.9
7.3
3.3
35.1
7.5
6.7
33.8
9.4
4.9
31.2
9.3
5.0
35.4
6.2
7.4
31.9
5.3
7.8
35.0
9.8
5.0
35.7
6.3
5.1
37.5
6.6
7.8
37.5
8.7
5.0
32.8
9.3
5.0
34.9
6.3
4.3
39.5
6.2
7.6
30.5
9.0
5.3
38.8
9.6
4.1
32.5
6.9
6.7
44.5
6.4
6.6
36.0
10.1
4.9
38.7
6.0
5.4
34.3
6.1
8.4
40.7
5.5
7.0
32.9
7.8
5.1
39.7
6.2
3.3
34.1
6.3
6.8
37.4
9.4
5.1
31.8
9.4
4.9
36.6
6.2
7.5
35.8
7.4
7.5
49.2
9.2
6.5
43.8
7.8
6.1
42.8
6.1
9.0
40.8
8.5
6.6
38.7
9.1
5.2
40.5
6.7
4.2
37.7
6.1
7.6
31.8
8.7
5.0
30.2
10.0
4.0
41.9
6.5
7.0
37.3
6.1
6.6
34.7
9.6
5.0
33.8
7.2
5.9
37.3
6.1
8.6
34.7
5.5
7.0
27.8
7.8
5.1
37.6
6.1
3.3
35.5
6.3
6.6
36.4
9.5
4.9
31.4
9.7
5.4
36.2
6.5
7.7
35.7
5.5
7.8
34.7
9.3
4.9
31.1
7.5
5.4
36.6
6.0
7.4
32.5
5.4
7.5
34.0
9.2
3.9
37.0
6.5
3.4
37.1
6.3
6.7
36.4
10.2
4.9
35.2
9.4
5.1
36.7
6.5
7.7
34.9
5.1
8.4
37.8
8.8
5.0
34.7
7.2
4.3
35.5
6.1
7.8
34.4
5.3
7.6
32.3
8.7
5.1
36.4
6.2
4.1
34.6
6.9
7.6
37.3
9.3
5.0
33.1
9.4
5.0
37.2
6.3
7.6
32.1
5.5
7.7
32.6
9.4
5.0
32.9
9.7
5.4
36.1
6.4
8.3
34.4
4.6
8.6
35.6
9.5
5.1
34.4
6.4
5.6
39.0
6.4
8.5
37.8
8.0
5.2
33.7
10.8
4.2
33.1
6.4
6.7
35.3
6.2
6.6
32.2
9.8
5.0
26.9
9.4
5.0
32.3
6.2
9.0
35.3
4.3
8.4
32.9
8.8
5.4
39.3
6.5
4.3
32.6
6.5
7.5
37.7
8.5
5.0
33.4
8.6
5.0
33.4
6.4
4.6
35.2
6.3
6.8
32.8
9.8
5.5
36.8
8.8
4.6
41.4
6.6
7.5
39.2
5.5
7.6
35.4
9.3
4.8
34.9
6.4
4.3
37.7
7.0
7.9
35.2
8.9
5.0
32.0
9.4
4.2
34.6
6.2
5.5
36.8
5.4
7.4
31.4
8.8
5.2
34.4
8.5
4.6
37.6
6.6
7.7
34.6
5.1
7.6
33.2
8.8
4.9
40.5
6.3
3.4
33.3
6.4
7.2
34.5
7.3
6.3
34.1
9.4
5.1
34.3
6.7
6.2
33.3
5.5
8.6
34.9
9.5
5.2
37.2
8.5
5.1
36.5
6.1
8.4
34.3
4.5
8.6
35.8
9.6
5.1
37.4
6.4
4.3
35.0
6.1
7.7
31.4
6.6
7.2
33.7
9.3
4.2
35.2
6.0
5.4
37.2
5.6
7.5
36.9
9.0
5.2
41.1
8.4
4.2
37.9
6.4
7.6
35.6
5.1
7.6
27.9
8.7
5.1
37.2
8.3
3.4
30.0
6.7
6.7
36.9
7.3
6.1
28.0
8.8
5.1
39.1
6.2
5.8
36.1
6.6
7.9
42.1
9.3
5.0
33.6
8.5
5.2
36.8
6.3
7.4
33.3
5.4
7.5
32.9
8.9
5.0
30.5
8.4
5.0
40.1
6.1
8.4
33.2
5.8
7.3
35.0
9.5
3.6
38.3
6.8
4.5
37.9
6.1
6.6
33.1
9.4
4.9
33.8
8.6
5.0
33.6
6.3
7.4
35.8
4.9
7.5
36.7
8.5
5.8
38.5
8.1
3.2
37.6
6.4
6.8
36.8
7.5
6.2
39.4
9.4
5.2
39.8
6.5
5.4
32.3
6.3
8.0
36.1
9.1
5.2
30.6
8.7
5.1
41.2
6.0
5.7
33.5
5.4
7.7
32.7
9.5
4.3
31.6
7.3
5.3
38.5
6.5
7.6
37.2
6.9
6.7
39.7
8.8
5.1
38.5
6.4
5.4
35.3
6.2
7.9
32.1
8.7
5.3
34.0
8.7
4.2
36.4
7.3
4.6
38.7
6.1
6.8
30.0
9.3
5.2
37.9
8.5
5.0
35.9
6.7
9.0
41.4
6.3
6.5
32.1
9.2
5.4
40.7
6.0
5.5
27.9
6.4
7.7
33.9
8.9
5.3
28.8
8.9
5.2
40.6
